    1   28   29    1    1     /HYDROGEN           /SUMMERS ET AL 1996
--------------------------------------------------------------------------------
   8.00000   8.30103   9.00000   9.30103   9.69897  10.00000  10.30103  10.69897
  11.00000  11.30103  11.69897  12.00000  12.30103  12.69897  13.00000  13.30103
  13.69897  14.00000  14.30103  14.69897  15.00000  15.30103  15.69897  16.00000
  16.69897  17.00000  17.69897  18.00000
  -0.69897  -0.52288  -0.30103  -0.15490   0.00000   0.17609   0.30103   0.47712
   0.69897   0.84510   1.00000   1.17609   1.30103   1.47712   1.69897   1.84510
   2.00000   2.17609   2.30103   2.47712   2.69897   2.84510   3.00000   3.17609
   3.30103   3.47712   3.69897   3.84510   4.00000
---------------------/ IPRT= 1  / IGRD= 1  /--------/ Z1= 1   / DATE= today   
 -11.83456 -11.81598 -11.75831 -11.72589 -11.67515 -11.63013 -11.57840 -11.49784
 -11.42622 -11.34405 -11.21673 -11.10320 -10.96923 -10.74926 -10.54793 -10.32122
  -9.99120  -9.72378  -9.44586  -9.06828  -8.77715  -8.48235  -8.08879  -7.78937
  -7.09177  -6.79093  -6.09211  -5.79110
 -11.98826 -11.97544 -11.93528 -11.91261 -11.87703 -11.84528 -11.80856 -11.75098
 -11.69942 -11.63985 -11.54661 -11.46205 -11.36008 -11.18926 -11.03121 -10.85132
 -10.58233 -10.35736 -10.11929  -9.78975  -9.52760  -9.25314  -8.87532  -8.58268
  -7.89444  -7.59619  -6.90044  -6.59992
 -12.16985 -12.16198 -12.13709 -12.12296 -12.10069 -12.08068 -12.05738 -12.02055
 -11.98732 -11.94865 -11.88748 -11.83118 -11.76273 -11.64835 -11.54295 -11.42174
 -11.23467 -11.07418 -10.90247 -10.65612 -10.44539 -10.21031  -9.87389  -9.61350
  -9.02001  -8.75946  -8.11192  -7.81932
 -12.28520 -12.27955 -12.26159 -12.25137 -12.23520 -12.22061 -12.20356 -12.17648
 -12.15194 -12.12325 -12.07757 -12.03513 -11.98329 -11.89694 -11.81769 -11.72588
 -11.58225 -11.45878 -11.32594 -11.12752 -10.94841 -10.74381 -10.45570 -10.24409
  -9.78194  -9.56351  -8.96354  -8.67823
 -12.40571 -12.40177 -12.38920 -12.38201 -12.37062 -12.36029 -12.34818 -12.32886
 -12.31126 -12.29060 -12.25746 -12.22644 -12.18847 -12.12554 -12.06793 -12.00057
 -11.89440 -11.80344 -11.70418 -11.54822 -11.40180 -11.23556 -11.01392 -10.86221
 -10.51714 -10.32723  -9.75665  -9.47568
 -12.54215 -12.53959 -12.53134 -12.52661 -12.51908 -12.51222 -12.50414 -12.49120
 -12.47935 -12.46539 -12.44285 -12.42170 -12.39590 -12.35341 -12.31443 -12.26835
 -12.19552 -12.13312 -12.06330 -11.94817 -11.83858 -11.71817 -11.56801 -11.46845
 -11.20300 -11.03096 -10.47996 -10.20206
 -12.63936 -12.63750 -12.63148 -12.62801 -12.62247 -12.61741 -12.61144 -12.60184
 -12.59303 -12.58261 -12.56576 -12.54998 -12.53079 -12.49927 -12.47023 -12.43567
 -12.38099 -12.33400 -12.28034 -12.18978 -12.10406 -12.01252 -11.90189 -11.82694
 -11.59578 -11.43216 -10.89154 -10.61542
 -12.77833 -12.77718 -12.77342 -12.77124 -12.76774 -12.76452 -12.76072 -12.75458
 -12.74892 -12.74222 -12.73137 -12.72124 -12.70897 -12.68882 -12.67012 -12.64767
 -12.61216 -12.58137 -12.54528 -12.48327 -12.42575 -12.36649 -12.29555 -12.24317
 -12.04435 -11.89018 -11.36263 -11.08889
 -12.95770 -12.95710 -12.95515 -12.95400 -12.95215 -12.95044 -12.94842 -12.94513
 -12.94209 -12.93849 -12.93265 -12.92725 -12.92072 -12.90998 -12.89990 -12.88773
 -12.86844 -12.85147 -12.83106 -12.79579 -12.76399 -12.73187 -12.69106 -12.65498
 -12.48313 -12.33910 -11.82742 -11.55679
 -13.07955 -13.07919 -13.07799 -13.07728 -13.07614 -13.07508 -13.07382 -13.07177
 -13.06987 -13.06761 -13.06397 -13.06062 -13.05658 -13.04993 -13.04365 -13.03604
 -13.02398 -13.01329 -13.00030 -12.97787 -12.95779 -12.93718 -12.90835 -12.87886
 -12.72074 -12.58312 -12.08243 -11.81406
 -13.21290 -13.21270 -13.21206 -13.21167 -13.21105 -13.21047 -13.20978 -13.20865
 -13.20760 -13.20636 -13.20436 -13.20254 -13.20035 -13.19675 -13.19335 -13.18922
 -13.18270 -13.17690 -13.16982 -13.15756 -13.14637 -13.13409 -13.11379 -13.08933
 -12.94418 -12.81355 -12.32564 -12.06000
 -13.37034 -13.37027 -13.37003 -13.36989 -13.36966 -13.36944 -13.36918 -13.36876
 -13.36837 -13.36791 -13.36717 -13.36651 -13.36572 -13.36445 -13.36326 -13.36184
 -13.35966 -13.35777 -13.35548 -13.35136 -13.34704 -13.34102 -13.32725 -13.30709
 -13.17582 -13.05360 -12.58206 -12.32011
 -13.48631 -13.48630 -13.48625 -13.48622 -13.48618 -13.48614 -13.48609 -13.48601
 -13.48594 -13.48586 -13.48573 -13.48563 -13.48552 -13.48537 -13.48526 -13.48517
 -13.48513 -13.48520 -13.48535 -13.48532 -13.48439 -13.48147 -13.47108 -13.45345
 -13.33193 -13.21613 -12.75784 -12.49899
 -13.65550 -13.65554 -13.65567 -13.65575 -13.65588 -13.65601 -13.65616 -13.65640
 -13.65664 -13.65692 -13.65739 -13.65782 -13.65835 -13.65926 -13.66018 -13.66137
 -13.66342 -13.66543 -13.66797 -13.67199 -13.67443 -13.67463 -13.66793 -13.65342
 -13.54562 -13.43948 -13.00239 -12.74876
 -13.87986 -13.87994 -13.88019 -13.88035 -13.88061 -13.88085 -13.88114 -13.88162
 -13.88207 -13.88263 -13.88353 -13.88435 -13.88534 -13.88703 -13.88869 -13.89081
 -13.89442 -13.89789 -13.90226 -13.90937 -13.91450 -13.91733 -13.91404 -13.90276
 -13.81065 -13.71640 -13.30762 -13.06150
 -14.03444 -14.03453 -14.03482 -14.03500 -14.03530 -14.03558 -14.03593 -14.03649
 -14.03703 -14.03768 -14.03874 -14.03972 -14.04088 -14.04285 -14.04479 -14.04725
 -14.05146 -14.05549 -14.06056 -14.06891 -14.07521 -14.07931 -14.07786 -14.06851
 -13.98652 -13.90038 -13.51259 -13.27245
 -14.20415 -14.20425 -14.20457 -14.20476 -14.20509 -14.20540 -14.20577 -14.20639
 -14.20697 -14.20769 -14.20885 -14.20992 -14.21120 -14.21334 -14.21545 -14.21812
 -14.22271 -14.22711 -14.23262 -14.24181 -14.24902 -14.25420 -14.25449 -14.24703
 -14.17538 -14.09792 -13.73420 -13.50140
 -14.40425 -14.40435 -14.40467 -14.40488 -14.40522 -14.40554 -14.40593 -14.40657
 -14.40718 -14.40793 -14.40915 -14.41028 -14.41162 -14.41386 -14.41606 -14.41884
 -14.42364 -14.42825 -14.43402 -14.44375 -14.45167 -14.45786 -14.45990 -14.45440
 -14.39373 -14.32590 -13.99118 -13.76797
 -14.55068 -14.55078 -14.55111 -14.55131 -14.55165 -14.55197 -14.55237 -14.55302
 -14.55363 -14.55438 -14.55562 -14.55677 -14.55813 -14.56040 -14.56261 -14.56542
 -14.57027 -14.57495 -14.58078 -14.59069 -14.59896 -14.60575 -14.60892 -14.60469
 -14.55119 -14.48987 -14.17628 -13.96062
 -14.76305 -14.76315 -14.76347 -14.76367 -14.76400 -14.76433 -14.76472 -14.76536
 -14.76597 -14.76672 -14.76795 -14.76910 -14.77047 -14.77273 -14.77493 -14.77771
 -14.78254 -14.78721 -14.79303 -14.80298 -14.81159 -14.81909 -14.82373 -14.82116
 -14.77688 -14.72417 -14.44079 -14.23681
 -15.03990 -15.04000 -15.04031 -15.04050 -15.04082 -15.04114 -15.04151 -15.04214
 -15.04273 -15.04346 -15.04466 -15.04579 -15.04713 -15.04933 -15.05147 -15.05416
 -15.05886 -15.06343 -15.06910 -15.07889 -15.08768 -15.09590 -15.10221 -15.10150
 -15.06735 -15.02438 -14.77862 -14.59090
 -15.22746 -15.22755 -15.22785 -15.22804 -15.22836 -15.22866 -15.22903 -15.22963
 -15.23021 -15.23092 -15.23210 -15.23320 -15.23451 -15.23666 -15.23874 -15.24136
 -15.24593 -15.25040 -15.25594 -15.26551 -15.27431 -15.28289 -15.29019 -15.29057
 -15.26211 -15.22473 -15.00241 -14.82589
 -15.43038 -15.43047 -15.43076 -15.43093 -15.43124 -15.43153 -15.43189 -15.43248
 -15.43304 -15.43372 -15.43486 -15.43593 -15.43721 -15.43931 -15.44132 -15.44384
 -15.44826 -15.45260 -15.45798 -15.46727 -15.47601 -15.48487 -15.49312 -15.49458
 -15.47142 -15.43927 -15.24036 -15.07597
 -15.66569 -15.66578 -15.66606 -15.66622 -15.66651 -15.66680 -15.66714 -15.66770
 -15.66824 -15.66890 -15.66999 -15.67103 -15.67227 -15.67429 -15.67622 -15.67864
 -15.68286 -15.68704 -15.69222 -15.70116 -15.70973 -15.71880 -15.72803 -15.73061
 -15.71271 -15.68572 -15.51142 -15.36091
 -15.83535 -15.83544 -15.83570 -15.83586 -15.83615 -15.83642 -15.83675 -15.83730
 -15.83782 -15.83846 -15.83952 -15.84053 -15.84174 -15.84370 -15.84558 -15.84792
 -15.85200 -15.85606 -15.86110 -15.86977 -15.87817 -15.88733 -15.89717 -15.90049
 -15.88590 -15.86211 -15.70391 -15.56315
 -16.07785 -16.07794 -16.07819 -16.07834 -16.07861 -16.07887 -16.07919 -16.07971
 -16.08021 -16.08082 -16.08184 -16.08280 -16.08397 -16.08586 -16.08766 -16.08989
 -16.09378 -16.09765 -16.10249 -16.11078 -16.11890 -16.12808 -16.13867 -16.14298
 -16.13254 -16.11271 -15.97524 -15.84793
 -16.38828 -16.38836 -16.38860 -16.38874 -16.38899 -16.38923 -16.38953 -16.39003
 -16.39050 -16.39107 -16.39203 -16.39295 -16.39405 -16.39585 -16.39755 -16.39965
 -16.40330 -16.40694 -16.41151 -16.41932 -16.42703 -16.43609 -16.44744 -16.45289
 -16.44703 -16.43139 -16.31690 -16.20579
 -16.59531 -16.59539 -16.59561 -16.59575 -16.59599 -16.59622 -16.59651 -16.59699
 -16.59744 -16.59799 -16.59891 -16.59980 -16.60086 -16.60261 -16.60424 -16.60626
 -16.60975 -16.61324 -16.61763 -16.62514 -16.63256 -16.64147 -16.65319 -16.65933
 -16.65615 -16.64287 -16.54172 -16.44068
 -16.81667 -16.81674 -16.81696 -16.81709 -16.81732 -16.81754 -16.81781 -16.81827
 -16.81871 -16.81923 -16.82012 -16.82097 -16.82199 -16.82367 -16.82525 -16.82718
 -16.83050 -16.83383 -16.83804 -16.84524 -16.85234 -16.86103 -16.87303 -16.87984
 -16.87930 -16.86821 -16.77973 -16.68876
--------------------------------------------------------------------------------
C
C
C     RATE COEFFICIENTS IN UNITS OF CM**3 S-1 
C     --------------------------------------- 
C
C  Prepared using code :  /home/mog/atomic_data/bundle_n/create/tcmprss3.for
C
C  Based on the same fundamental data as the central ADAS adf11/acd12/acd12_h.dat
C  dataset but extended to higher densities.
C
C  Producer: Martin O'Mullane              
C  Date    : 15-04-2021
C
C-------------------------------------------------------------------------------
