    1   28   29    1    1     /HYDROGEN           /SUMMERS ET AL 1996
--------------------------------------------------------------------------------
   8.00000   8.30103   9.00000   9.30103   9.69897  10.00000  10.30103  10.69897
  11.00000  11.30103  11.69897  12.00000  12.30103  12.69897  13.00000  13.30103
  13.69897  14.00000  14.30103  14.69897  15.00000  15.30103  15.69897  16.00000
  16.69897  17.00000  17.69897  18.00000
  -0.69897  -0.52288  -0.30103  -0.15490   0.00000   0.17609   0.30103   0.47712
   0.69897   0.84510   1.00000   1.17609   1.30103   1.47712   1.69897   1.84510
   2.00000   2.17609   2.30103   2.47712   2.69897   2.84510   3.00000   3.17609
   3.30103   3.47712   3.69897   3.84510   4.00000
---------------------/ IPRT= 1  / IGRD= 0  /--------/ Z1= 1   / DATE= today   
 -47.14939 -47.14939 -47.14939 -47.14939 -47.14939 -47.14939 -47.14939 -47.14939
 -47.14939 -47.14939 -47.14940 -47.14940 -47.14942 -47.14946 -47.14954 -47.14968
 -47.15012 -47.15086 -47.15232 -47.15669 -47.16387 -47.17788 -47.21739 -47.27618
 -47.57997 -47.79188 -48.40349 -48.69225
 -39.86378 -39.86378 -39.86378 -39.86378 -39.86378 -39.86378 -39.86378 -39.86378
 -39.86378 -39.86378 -39.86379 -39.86379 -39.86381 -39.86384 -39.86390 -39.86403
 -39.86438 -39.86499 -39.86618 -39.86973 -39.87558 -39.88705 -39.91975 -39.96930
 -40.23943 -40.43779 -41.03253 -41.31859
 -34.05694 -34.05695 -34.05696 -34.05697 -34.05698 -34.05699 -34.05701 -34.05703
 -34.05705 -34.05708 -34.05713 -34.05718 -34.05726 -34.05742 -34.05761 -34.05793
 -34.05870 -34.05980 -34.06174 -34.06693 -34.07500 -34.09045 -34.13350 -34.19687
 -34.51612 -34.73378 -35.35218 -35.64200
 -31.55416 -31.55418 -31.55427 -31.55432 -31.55440 -31.55447 -31.55455 -31.55468
 -31.55481 -31.55496 -31.55524 -31.55552 -31.55589 -31.55659 -31.55736 -31.55847
 -31.56082 -31.56374 -31.56828 -31.57918 -31.59526 -31.62497 -31.70291 -31.80784
 -32.24181 -32.49461 -33.15072 -33.44608
 -29.66441 -29.66451 -29.66484 -29.66502 -29.66531 -29.66556 -29.66587 -29.66635
 -29.66681 -29.66738 -29.66835 -29.66931 -29.67055 -29.67276 -29.67505 -29.67813
 -29.68420 -29.69104 -29.70092 -29.72352 -29.75577 -29.81255 -29.94761 -30.10740
 -30.64668 -30.92289 -31.60092 -31.89926
 -28.18871 -28.18899 -28.18986 -28.19035 -28.19111 -28.19180 -28.19259 -28.19387
 -28.19507 -28.19654 -28.19903 -28.20146 -28.20450 -28.20974 -28.21493 -28.22170
 -28.23429 -28.24756 -28.26606 -28.30757 -28.36468 -28.45869 -28.65748 -28.86467
 -29.47045 -29.75829 -30.44640 -30.74606
 -27.44588 -27.44633 -27.44772 -27.44849 -27.44970 -27.45078 -27.45204 -27.45407
 -27.45596 -27.45827 -27.46215 -27.46589 -27.47052 -27.47839 -27.48608 -27.49598
 -27.51393 -27.53235 -27.55785 -27.61469 -27.69066 -27.80987 -28.04455 -28.27374
 -28.90516 -29.19695 -29.88838 -30.18846
 -26.69490 -26.69557 -26.69768 -26.69886 -26.70071 -26.70237 -26.70430 -26.70740
 -26.71028 -26.71378 -26.71961 -26.72516 -26.73198 -26.74347 -26.75465 -26.76894
 -26.79430 -26.81995 -26.85555 -26.93438 -27.03554 -27.18491 -27.45673 -27.70587
 -28.35829 -28.65313 -29.34709 -29.64749
 -26.08162 -26.08250 -26.08529 -26.08686 -26.08934 -26.09157 -26.09418 -26.09835
 -26.10223 -26.10689 -26.11457 -26.12180 -26.13064 -26.14559 -26.16024 -26.17903
 -26.21211 -26.24573 -26.29313 -26.39721 -26.52475 -26.70211 -27.00385 -27.26731
 -27.93365 -28.23042 -28.92595 -29.22655
 -25.81234 -25.81330 -25.81636 -25.81810 -25.82084 -25.82332 -25.82623 -25.83089
 -25.83519 -25.84034 -25.84874 -25.85658 -25.86615 -25.88241 -25.89849 -25.91923
 -25.95588 -25.99358 -26.04741 -26.16501 -26.30566 -26.49576 -26.80990 -27.07888
 -27.75035 -28.04782 -28.74392 -29.04459
 -25.60675 -25.60776 -25.61098 -25.61282 -25.61575 -25.61841 -25.62152 -25.62652
 -25.63111 -25.63656 -25.64533 -25.65345 -25.66333 -25.68020 -25.69705 -25.71893
 -25.75798 -25.79880 -25.85783 -25.98627 -26.13695 -26.33633 -26.65906 -26.93175
 -27.60660 -27.90451 -28.60098 -28.90169
 -25.44454 -25.44556 -25.44884 -25.45074 -25.45377 -25.45653 -25.45978 -25.46499
 -25.46976 -25.47535 -25.48422 -25.49232 -25.50213 -25.51894 -25.53590 -25.55813
 -25.59842 -25.64135 -25.70422 -25.84071 -25.99860 -26.20441 -26.53291 -26.80802
 -27.48505 -27.78325 -28.47995 -28.78070
 -25.36399 -25.36500 -25.36828 -25.37018 -25.37325 -25.37605 -25.37935 -25.38464
 -25.38946 -25.39508 -25.40392 -25.41191 -25.42153 -25.43803 -25.45476 -25.47686
 -25.51734 -25.56105 -25.62552 -25.76540 -25.92629 -26.13473 -26.46554 -26.74160
 -27.41949 -27.71781 -28.41460 -28.71536
 -25.28542 -25.28641 -25.28963 -25.29152 -25.29457 -25.29738 -25.30069 -25.30601
 -25.31085 -25.31645 -25.32515 -25.33292 -25.34221 -25.35814 -25.37437 -25.39599
 -25.43615 -25.48013 -25.54540 -25.68711 -25.84960 -26.05943 -26.39145 -26.66802
 -27.34635 -27.64473 -28.34157 -28.64233
 -25.21829 -25.21921 -25.22222 -25.22401 -25.22692 -25.22960 -25.23278 -25.23791
 -25.24258 -25.24796 -25.25626 -25.26362 -25.27233 -25.28725 -25.30253 -25.32307
 -25.36188 -25.40498 -25.46934 -25.60953 -25.77077 -25.97954 -26.31062 -26.58681
 -27.26480 -27.56313 -28.25993 -28.56069
 -25.19320 -25.19408 -25.19693 -25.19863 -25.20142 -25.20400 -25.20707 -25.21203
 -25.21655 -25.22177 -25.22980 -25.23689 -25.24526 -25.25953 -25.27414 -25.29385
 -25.33142 -25.37343 -25.43627 -25.57356 -25.73229 -25.93887 -26.26804 -26.54343
 -27.22072 -27.51896 -28.21568 -28.51643
 -25.18028 -25.18110 -25.18379 -25.18540 -25.18805 -25.19051 -25.19344 -25.19820
 -25.20254 -25.20758 -25.21534 -25.22217 -25.23019 -25.24380 -25.25772 -25.27651
 -25.31259 -25.35311 -25.41375 -25.54668 -25.70155 -25.90471 -26.23085 -26.50497
 -27.18112 -27.47921 -28.17581 -28.47654
 -25.17957 -25.18034 -25.18282 -25.18432 -25.18681 -25.18912 -25.19189 -25.19639
 -25.20053 -25.20533 -25.21277 -25.21932 -25.22698 -25.23989 -25.25303 -25.27077
 -25.30502 -25.34360 -25.40123 -25.52799 -25.67724 -25.87533 -26.19686 -26.46903
 -27.14342 -27.44127 -28.13768 -28.43839
 -25.18654 -25.18726 -25.18961 -25.19103 -25.19339 -25.19560 -25.19825 -25.20255
 -25.20653 -25.21117 -25.21837 -25.22472 -25.23213 -25.24456 -25.25717 -25.27417
 -25.30707 -25.34416 -25.39943 -25.52120 -25.66577 -25.85951 -26.17702 -26.44747
 -27.12028 -27.41792 -28.11417 -28.41485
 -25.20679 -25.20746 -25.20963 -25.21094 -25.21314 -25.21521 -25.21769 -25.22173
 -25.22549 -25.22990 -25.23681 -25.24293 -25.25005 -25.26191 -25.27387 -25.28993
 -25.32101 -25.35601 -25.40784 -25.52199 -25.65914 -25.84578 -26.15653 -26.42400
 -27.09409 -27.39137 -28.08731 -28.38796
 -25.24726 -25.24788 -25.24985 -25.25104 -25.25306 -25.25496 -25.25725 -25.26100
 -25.26450 -25.26865 -25.27523 -25.28111 -25.28796 -25.29925 -25.31053 -25.32556
 -25.35453 -25.38700 -25.43453 -25.53865 -25.66544 -25.84168 -26.14210 -26.40491
 -27.07063 -27.36732 -28.06278 -28.36337
 -25.27923 -25.27981 -25.28166 -25.28278 -25.28467 -25.28647 -25.28863 -25.29219
 -25.29552 -25.29949 -25.30583 -25.31154 -25.31818 -25.32910 -25.33993 -25.35428
 -25.38184 -25.41265 -25.45742 -25.55495 -25.67462 -25.84340 -26.13607 -26.39528
 -27.05756 -27.35377 -28.04885 -28.34939
 -25.31687 -25.31742 -25.31914 -25.32019 -25.32196 -25.32365 -25.32569 -25.32905
 -25.33220 -25.33597 -25.34204 -25.34755 -25.35399 -25.36450 -25.37486 -25.38850
 -25.41458 -25.44365 -25.48559 -25.57629 -25.68831 -25.84873 -26.13238 -26.38726
 -27.04533 -27.34096 -28.03556 -28.33604
 -25.36361 -25.36412 -25.36572 -25.36669 -25.36833 -25.36990 -25.37181 -25.37495
 -25.37790 -25.38146 -25.38722 -25.39250 -25.39868 -25.40875 -25.41860 -25.43146
 -25.45589 -25.48305 -25.52195 -25.60523 -25.70859 -25.85913 -26.13160 -26.38092
 -27.03346 -27.32831 -28.02227 -28.32267
 -25.39896 -25.39945 -25.40096 -25.40188 -25.40343 -25.40493 -25.40674 -25.40974
 -25.41256 -25.41596 -25.42151 -25.42661 -25.43262 -25.44238 -25.45187 -25.46420
 -25.48751 -25.51337 -25.55023 -25.62852 -25.72585 -25.86924 -26.13322 -26.37816
 -27.02624 -27.32046 -28.01390 -28.31423
 -25.45142 -25.45187 -25.45328 -25.45413 -25.45557 -25.45696 -25.45866 -25.46146
 -25.46410 -25.46730 -25.47254 -25.47740 -25.48316 -25.49249 -25.50150 -25.51313
 -25.53491 -25.55900 -25.59316 -25.66485 -25.75394 -25.88711 -26.13839 -26.37654
 -27.01749 -27.31068 -28.00327 -28.30350
 -25.52127 -25.52169 -25.52298 -25.52375 -25.52506 -25.52633 -25.52789 -25.53047
 -25.53290 -25.53585 -25.54073 -25.54529 -25.55072 -25.55954 -25.56797 -25.57876
 -25.59876 -25.62074 -25.65175 -25.71587 -25.79514 -25.91545 -26.14966 -26.37813
 -27.00854 -27.30017 -27.99146 -28.29152
 -25.56925 -25.56965 -25.57087 -25.57159 -25.57282 -25.57402 -25.57550 -25.57794
 -25.58024 -25.58305 -25.58769 -25.59205 -25.59727 -25.60576 -25.61384 -25.62412
 -25.64301 -25.66368 -25.69277 -25.75237 -25.82560 -25.93761 -26.16006 -26.38149
 -27.00389 -27.29430 -27.98458 -28.28451
 -25.62160 -25.62198 -25.62313 -25.62381 -25.62496 -25.62609 -25.62747 -25.62978
 -25.63196 -25.63461 -25.63901 -25.64317 -25.64817 -25.65632 -25.66404 -25.67380
 -25.69161 -25.71097 -25.73814 -25.79332 -25.86057 -25.96401 -26.17369 -26.38709
 -27.00000 -27.28893 -27.97798 -28.27775
--------------------------------------------------------------------------------
C
C
C     RADIATED POWERS IN UNITS OF W CM**3 
C     ----------------------------------- 
C
C  Prepared using code :  /home/mog/atomic_data/bundle_n/create/tcmprss3.for
C
C  Based on the same fundamental data as the central ADAS adf11/plt12/plt12_h.dat
C  dataset but extended to higher densities.
C
C  Producer: Martin O'Mullane              
C  Date    : 15-04-2021
C
C-------------------------------------------------------------------------------
