    1   28   29    1    1     /HYDROGEN           /SUMMERS ET AL 1996
--------------------------------------------------------------------------------
   8.00000   8.30103   9.00000   9.30103   9.69897  10.00000  10.30103  10.69897
  11.00000  11.30103  11.69897  12.00000  12.30103  12.69897  13.00000  13.30103
  13.69897  14.00000  14.30103  14.69897  15.00000  15.30103  15.69897  16.00000
  16.69897  17.00000  17.69897  18.00000
  -0.69897  -0.52288  -0.30103  -0.15490   0.00000   0.17609   0.30103   0.47712
   0.69897   0.84510   1.00000   1.17609   1.30103   1.47712   1.69897   1.84510
   2.00000   2.17609   2.30103   2.47712   2.69897   2.84510   3.00000   3.17609
   3.30103   3.47712   3.69897   3.84510   4.00000
---------------------/ IPRT= 1  / IGRD= 1  /--------/ Z1= 1   / DATE= today   
 -29.49208 -29.47379 -29.41702 -29.38510 -29.33516 -29.29087 -29.23999 -29.16083
 -29.09052 -29.00996 -28.88543 -28.77481 -28.64478 -28.43190 -28.23730 -28.01851
 -27.70095 -27.44502 -27.18121 -26.82626 -26.55446 -26.28251 -25.93519 -25.69710
 -25.30543 -25.21677 -25.12977 -25.11754
 -29.64218 -29.62966 -29.59045 -29.56831 -29.53359 -29.50261 -29.46681 -29.41072
 -29.36055 -29.30267 -29.21232 -29.13069 -29.03261 -28.86869 -28.71722 -28.54514
 -28.28849 -28.07477 -27.85033 -27.54303 -27.29999 -27.04703 -26.70932 -26.46827
 -26.04830 -25.94678 -25.84348 -25.82861
 -29.81680 -29.80923 -29.78530 -29.77174 -29.75035 -29.73114 -29.70880 -29.67352
 -29.64171 -29.60476 -29.54647 -29.49301 -29.42821 -29.32022 -29.22093 -29.10708
 -28.93196 -28.78239 -28.62389 -28.39951 -28.20806 -27.99400 -27.69328 -27.47625
 -27.11417 -27.03307 -26.95435 -26.94337
 -29.92523 -29.91989 -29.90290 -29.89323 -29.87796 -29.86418 -29.84809 -29.82258
 -29.79948 -29.77252 -29.72972 -29.69010 -29.64186 -29.56172 -29.48840 -29.40379
 -29.27190 -29.15921 -29.03946 -28.86312 -28.70371 -28.52046 -28.26721 -28.09659
 -27.85341 -27.80800 -27.76742 -27.76204
 -30.03539 -30.03175 -30.02014 -30.01351 -30.00300 -29.99348 -29.98233 -29.96456
 -29.94840 -29.92947 -29.89920 -29.87097 -29.83653 -29.77964 -29.72779 -29.66742
 -29.57273 -29.49231 -29.40594 -29.27211 -29.14576 -29.00126 -28.81415 -28.70193
 -28.56715 -28.54555 -28.52721 -28.52485
 -30.15464 -30.15236 -30.14505 -30.14085 -30.13417 -30.12810 -30.12096 -30.10953
 -30.09909 -30.08681 -30.06706 -30.04861 -30.02617 -29.98940 -29.95586 -29.91643
 -29.85451 -29.80217 -29.74472 -29.65125 -29.56165 -29.46292 -29.34642 -29.28438
 -29.21855 -29.20890 -29.20091 -29.19990
 -30.23501 -30.23342 -30.22828 -30.22532 -30.22060 -30.21630 -30.21122 -30.20307
 -30.19561 -30.18681 -30.17263 -30.15941 -30.14341 -30.11727 -30.09336 -30.06508
 -30.02073 -29.98324 -29.94139 -29.87169 -29.80539 -29.73496 -29.65682 -29.61777
 -29.57845 -29.57288 -29.56830 -29.56772
 -30.34107 -30.34016 -30.33719 -30.33546 -30.33270 -30.33016 -30.32717 -30.32235
 -30.31792 -30.31268 -30.30424 -30.29640 -30.28696 -30.27158 -30.25743 -30.24059
 -30.21428 -30.19197 -30.16650 -30.12346 -30.08365 -30.04369 -30.00258 -29.98335
 -29.96489 -29.96235 -29.96027 -29.96001
 -30.45832 -30.45792 -30.45658 -30.45579 -30.45453 -30.45336 -30.45198 -30.44975
 -30.44770 -30.44526 -30.44135 -30.43775 -30.43343 -30.42640 -30.41989 -30.41211
 -30.40002 -30.38972 -30.37773 -30.35757 -30.33987 -30.32328 -30.30746 -30.30048
 -30.29403 -30.29316 -30.29245 -30.29236
 -30.52280 -30.52258 -30.52186 -30.52144 -30.52075 -30.52012 -30.51937 -30.51815
 -30.51702 -30.51569 -30.51356 -30.51162 -30.50929 -30.50551 -30.50199 -30.49779
 -30.49130 -30.48576 -30.47931 -30.46862 -30.45956 -30.45139 -30.44390 -30.44069
 -30.43776 -30.43737 -30.43705 -30.43701
 -30.57796 -30.57786 -30.57753 -30.57734 -30.57703 -30.57674 -30.57640 -30.57584
 -30.57532 -30.57471 -30.57374 -30.57286 -30.57181 -30.57012 -30.56855 -30.56668
 -30.56381 -30.56140 -30.55861 -30.55410 -30.55042 -30.54721 -30.54435 -30.54315
 -30.54207 -30.54193 -30.54181 -30.54180
 -30.62225 -30.62223 -30.62213 -30.62208 -30.62199 -30.62191 -30.62181 -30.62165
 -30.62150 -30.62133 -30.62105 -30.62081 -30.62052 -30.62006 -30.61965 -30.61916
 -30.61846 -30.61790 -30.61730 -30.61641 -30.61571 -30.61513 -30.61463 -30.61442
 -30.61424 -30.61421 -30.61419 -30.61419
 -30.64109 -30.64109 -30.64107 -30.64106 -30.64105 -30.64104 -30.64102 -30.64100
 -30.64098 -30.64095 -30.64091 -30.64088 -30.64085 -30.64081 -30.64078 -30.64076
 -30.64077 -30.64083 -30.64095 -30.64121 -30.64144 -30.64164 -30.64181 -30.64188
 -30.64195 -30.64196 -30.64196 -30.64196
 -30.64989 -30.64990 -30.64993 -30.64994 -30.64997 -30.65000 -30.65003 -30.65008
 -30.65013 -30.65019 -30.65028 -30.65037 -30.65048 -30.65066 -30.65084 -30.65106
 -30.65144 -30.65182 -30.65229 -30.65310 -30.65374 -30.65429 -30.65476 -30.65496
 -30.65513 -30.65515 -30.65517 -30.65517
 -30.63345 -30.63345 -30.63349 -30.63350 -30.63354 -30.63357 -30.63360 -30.63366
 -30.63371 -30.63378 -30.63388 -30.63398 -30.63409 -30.63428 -30.63447 -30.63469
 -30.63507 -30.63542 -30.63586 -30.63658 -30.63715 -30.63764 -30.63806 -30.63823
 -30.63838 -30.63840 -30.63842 -30.63842
 -30.60898 -30.60898 -30.60901 -30.60902 -30.60905 -30.60907 -30.60910 -30.60914
 -30.60918 -30.60924 -30.60932 -30.60939 -30.60948 -30.60963 -30.60977 -30.60994
 -30.61023 -30.61050 -30.61083 -30.61137 -30.61180 -30.61217 -30.61249 -30.61262
 -30.61274 -30.61276 -30.61277 -30.61277
 -30.57421 -30.57421 -30.57423 -30.57424 -30.57426 -30.57427 -30.57429 -30.57432
 -30.57435 -30.57439 -30.57444 -30.57450 -30.57456 -30.57465 -30.57475 -30.57487
 -30.57506 -30.57524 -30.57546 -30.57583 -30.57612 -30.57638 -30.57660 -30.57670
 -30.57678 -30.57679 -30.57680 -30.57680
 -30.52641 -30.52641 -30.52642 -30.52642 -30.52643 -30.52644 -30.52645 -30.52647
 -30.52649 -30.52651 -30.52654 -30.52657 -30.52661 -30.52667 -30.52672 -30.52679
 -30.52691 -30.52702 -30.52715 -30.52736 -30.52754 -30.52769 -30.52783 -30.52789
 -30.52795 -30.52795 -30.52796 -30.52796
 -30.48702 -30.48702 -30.48703 -30.48704 -30.48704 -30.48705 -30.48705 -30.48707
 -30.48708 -30.48709 -30.48711 -30.48713 -30.48716 -30.48720 -30.48723 -30.48728
 -30.48736 -30.48743 -30.48751 -30.48765 -30.48777 -30.48788 -30.48798 -30.48802
 -30.48806 -30.48806 -30.48807 -30.48807
 -30.42585 -30.42585 -30.42586 -30.42586 -30.42586 -30.42586 -30.42587 -30.42587
 -30.42588 -30.42589 -30.42590 -30.42591 -30.42592 -30.42594 -30.42596 -30.42599
 -30.42603 -30.42607 -30.42611 -30.42619 -30.42625 -30.42631 -30.42637 -30.42639
 -30.42642 -30.42642 -30.42642 -30.42642
 -30.34103 -30.34103 -30.34103 -30.34103 -30.34103 -30.34103 -30.34103 -30.34104
 -30.34104 -30.34104 -30.34105 -30.34105 -30.34106 -30.34107 -30.34107 -30.34108
 -30.34110 -30.34112 -30.34114 -30.34117 -30.34120 -30.34122 -30.34125 -30.34126
 -30.34128 -30.34128 -30.34128 -30.34128
 -30.28084 -30.28084 -30.28084 -30.28084 -30.28084 -30.28084 -30.28084 -30.28084
 -30.28084 -30.28085 -30.28085 -30.28085 -30.28085 -30.28086 -30.28086 -30.28087
 -30.28088 -30.28089 -30.28090 -30.28092 -30.28093 -30.28095 -30.28096 -30.28097
 -30.28098 -30.28098 -30.28098 -30.28098
 -30.21489 -30.21489 -30.21489 -30.21489 -30.21489 -30.21489 -30.21489 -30.21490
 -30.21490 -30.21490 -30.21490 -30.21490 -30.21490 -30.21490 -30.21491 -30.21491
 -30.21491 -30.21492 -30.21492 -30.21493 -30.21494 -30.21495 -30.21496 -30.21497
 -30.21497 -30.21497 -30.21497 -30.21497
 -30.13802 -30.13802 -30.13802 -30.13802 -30.13802 -30.13802 -30.13802 -30.13802
 -30.13802 -30.13802 -30.13802 -30.13802 -30.13802 -30.13802 -30.13803 -30.13803
 -30.13803 -30.13803 -30.13803 -30.13804 -30.13804 -30.13805 -30.13805 -30.13805
 -30.13806 -30.13806 -30.13806 -30.13806
 -30.08188 -30.08188 -30.08188 -30.08188 -30.08188 -30.08188 -30.08188 -30.08188
 -30.08188 -30.08188 -30.08188 -30.08188 -30.08188 -30.08188 -30.08188 -30.08188
 -30.08188 -30.08189 -30.08189 -30.08189 -30.08189 -30.08189 -30.08190 -30.08190
 -30.08190 -30.08190 -30.08190 -30.08190
 -30.00130 -30.00130 -30.00130 -30.00130 -30.00130 -30.00130 -30.00130 -30.00130
 -30.00130 -30.00130 -30.00130 -30.00130 -30.00130 -30.00130 -30.00130 -30.00130
 -30.00130 -30.00130 -30.00130 -30.00130 -30.00130 -30.00130 -30.00131 -30.00131
 -30.00131 -30.00131 -30.00131 -30.00131
 -29.89809 -29.89809 -29.89809 -29.89809 -29.89809 -29.89809 -29.89809 -29.89809
 -29.89809 -29.89809 -29.89809 -29.89809 -29.89809 -29.89809 -29.89809 -29.89809
 -29.89809 -29.89809 -29.89809 -29.89809 -29.89809 -29.89809 -29.89809 -29.89809
 -29.89809 -29.89809 -29.89809 -29.89809
 -29.82884 -29.82884 -29.82884 -29.82884 -29.82884 -29.82884 -29.82884 -29.82884
 -29.82884 -29.82884 -29.82884 -29.82884 -29.82884 -29.82884 -29.82884 -29.82884
 -29.82884 -29.82884 -29.82884 -29.82884 -29.82884 -29.82884 -29.82884 -29.82884
 -29.82885 -29.82885 -29.82885 -29.82885
 -29.75473 -29.75473 -29.75473 -29.75473 -29.75473 -29.75473 -29.75473 -29.75473
 -29.75473 -29.75473 -29.75473 -29.75473 -29.75473 -29.75473 -29.75473 -29.75473
 -29.75473 -29.75473 -29.75473 -29.75473 -29.75473 -29.75473 -29.75473 -29.75473
 -29.75473 -29.75473 -29.75473 -29.75473
--------------------------------------------------------------------------------
C
C
C     RADIATED POWERS IN UNITS OF W CM**3 
C     ----------------------------------- 
C
C  Prepared using code :  /home/mog/atomic_data/bundle_n/create/tcmprss3.for
C
C  Based on the same fundamental data as the central ADAS adf11/prb12/prb12_h.dat
C  dataset but extended to higher densities.
C
C  Producer: Martin O'Mullane              
C  Date    : 15-04-2021
C
C-------------------------------------------------------------------------------
