   10   24   30
   7.69897   8.00000   8.30103   8.69897   9.00000   9.30103   9.69897  10.00000
  10.30103  10.69897  11.00000  11.30103  11.69897  12.00000  12.30103  12.69897
  13.00000  13.30103  13.69897  14.00000  14.30103  14.69897  15.00000  15.30103
  -0.69877  -0.52268  -0.30083  -0.15470   0.00020   0.17629   0.30123   0.47732
   0.69917   0.84530   1.00020   1.17629   1.30123   1.47732   1.69917   1.84530
   2.00020   2.17629   2.30123   2.47732   2.69917   2.84530   3.00020   3.17629
   3.30123   3.47732   3.69917   3.84530   4.00020   4.17629
 -12.20577 -12.18097 -12.15305 -12.11101 -12.07416 -12.03157 -11.96585 -11.90824
 -11.84310 -11.74668 -11.66380 -11.56839 -11.42022 -11.28951 -11.14073 -10.91213
 -10.71359 -10.49327 -10.16996  -9.90426  -9.62576  -9.24618  -8.95018  -8.64915
 -12.39676 -12.37926 -12.35867 -12.32736 -12.30007 -12.26835 -12.21846 -12.17490
 -12.12670 -12.05325 -11.98871 -11.91542 -11.80177 -11.70099 -11.58594 -11.40844
 -11.25159 -11.07206 -10.79611 -10.55794 -10.29837  -9.93411  -9.64229  -9.34126
 -12.62967 -12.61867 -12.60512 -12.58449 -12.56628 -12.54439 -12.51074 -12.48128
 -12.44727 -12.39655 -12.35263 -12.30149 -12.22144 -12.15060 -12.06986 -11.94445
 -11.83047 -11.69440 -11.47357 -11.26948 -11.03257 -10.68687 -10.40012 -10.09909
 -12.78119 -12.77293 -12.76289 -12.74807 -12.73472 -12.71780 -12.69270 -12.67097
 -12.64460 -12.60504 -12.57111 -12.53144 -12.46962 -12.41501 -12.35220 -12.25316
 -12.16091 -12.04733 -11.85383 -11.66541 -11.43931 -11.10427 -10.82021 -10.51918
 -12.94439 -12.93828 -12.93101 -12.91979 -12.90993 -12.89849 -12.87985 -12.86323
 -12.84495 -12.81622 -12.79025 -12.76066 -12.71555 -12.67561 -12.62883 -12.55264
 -12.47828 -12.38236 -12.21083 -12.03580 -11.81933 -11.49709 -11.21670 -10.91567
 -13.12592 -13.12216 -13.11774 -13.11097 -13.10473 -13.09706 -13.08530 -13.07511
 -13.06332 -13.04512 -13.02877 -13.00941 -12.97928 -12.95264 -12.92133 -12.86661
 -12.80796 -12.72705 -12.57511 -12.41370 -12.20922 -11.90596 -11.63134 -11.33031
 -13.27229 -13.26907 -13.26557 -13.26014 -13.25503 -13.24889 -13.23986 -13.23219
 -13.22318 -13.20936 -13.19731 -13.18347 -13.16187 -13.14261 -13.11975 -13.07621
 -13.02577 -12.95355 -12.81385 -12.66185 -12.46723 -12.18062 -11.91153 -11.61050
 -13.33004 -13.33583 -13.34105 -13.34848 -13.35405 -13.35833 -13.36404 -13.36854
 -13.37201 -13.37494 -13.37624 -13.37706 -13.37669 -13.37419 -13.36809 -13.34696
 -13.31254 -13.25447 -13.13462 -12.99768 -12.81584 -12.54993 -12.28813 -11.98710
 -12.82830 -12.85498 -12.88272 -12.92079 -12.95081 -12.98226 -13.02694 -13.06236
 -13.09786 -13.14563 -13.18290 -13.22114 -13.27271 -13.31175 -13.34917 -13.38861
 -13.40380 -13.40023 -13.35910 -13.28266 -13.15580 -12.95475 -12.71499 -12.41396
 -12.41794 -12.44809 -12.48041 -12.52586 -12.56218 -12.60047 -12.65557 -12.70041
 -12.74691 -12.81085 -12.86213 -12.91688 -12.99284 -13.05210 -13.11228 -13.18807
 -13.23747 -13.27623 -13.31012 -13.30195 -13.24604 -13.14168 -12.93949 -12.63846
 -12.17033 -12.20234 -12.23693 -12.28507 -12.32327 -12.36391 -12.42272 -12.47091
 -12.52146 -12.59137 -12.64785 -12.70900 -12.79514 -12.86294 -12.93226 -13.02367
 -13.08798 -13.14475 -13.21809 -13.25388 -13.25393 -13.25978 -13.11009 -12.80908
 -12.04700 -12.07926 -12.11437 -12.16313 -12.20187 -12.24341 -12.30351 -12.35294
 -12.40549 -12.47952 -12.53913 -12.60213 -12.69104 -12.76180 -12.83421 -12.93056
 -13.00005 -13.06449 -13.15656 -13.21344 -13.24357 -13.33858 -13.23779 -12.93681
 -12.03863 -12.07088 -12.10565 -12.15477 -12.19416 -12.23568 -12.29584 -12.34579
 -12.39901 -12.47354 -12.53351 -12.59736 -12.68688 -12.75763 -12.83026 -12.92708
 -12.99714 -13.06289 -13.16022 -13.22356 -13.26346 -13.39555 -13.31620 -13.01524
 -12.10324 -12.13498 -12.16971 -12.21843 -12.25730 -12.29880 -12.35907 -12.40906
 -12.46240 -12.53670 -12.59639 -12.66036 -12.74959 -12.81954 -12.89122 -12.98661
 -13.05570 -13.12121 -13.22115 -13.28823 -13.33445 -13.49739 -13.43671 -13.13580
 -12.26850 -12.29937 -12.33332 -12.38150 -12.41966 -12.45939 -12.51805 -12.56721
 -12.61866 -12.69052 -12.74860 -12.81027 -12.89608 -12.96277 -13.02987 -13.11910
 -13.18381 -13.24484 -13.34157 -13.40823 -13.45604 -13.63867 -13.59105 -13.29018
 -12.40864 -12.43857 -12.47164 -12.51891 -12.55652 -12.59555 -12.65213 -12.69889
 -12.74787 -12.81679 -12.87243 -12.93081 -13.01143 -13.07370 -13.13577 -13.21766
 -13.27670 -13.33244 -13.42349 -13.48712 -13.53376 -13.72369 -13.68172 -13.38088
 -12.57339 -12.60137 -12.63328 -12.67898 -12.71500 -12.75223 -12.80513 -12.84887
 -12.89577 -12.96064 -13.01172 -13.06526 -13.13849 -13.19433 -13.24952 -13.32130
 -13.37266 -13.42175 -13.50485 -13.56360 -13.60771 -13.80045 -13.76179 -13.46096
 -12.77641 -12.80212 -12.83125 -12.87367 -12.90745 -12.94212 -12.99154 -13.03205
 -13.07439 -13.13273 -13.17867 -13.22616 -13.29012 -13.33813 -13.38480 -13.44413
 -13.48609 -13.52692 -13.60026 -13.65332 -13.69458 -13.88723 -13.85006 -13.54923
 -12.91117 -12.93537 -12.96254 -13.00155 -13.03244 -13.06419 -13.10914 -13.14558
 -13.18338 -13.23538 -13.27587 -13.31674 -13.37072 -13.41099 -13.45027 -13.50008
 -13.53474 -13.56808 -13.63218 -13.67952 -13.71648 -13.90644 -13.87006 -13.56923
 -13.14389 -13.16685 -13.19214 -13.22897 -13.25844 -13.28826 -13.33012 -13.36409
 -13.39943 -13.44765 -13.48450 -13.52096 -13.56894 -13.60453 -13.63862 -13.68296
 -13.71437 -13.74383 -13.80197 -13.84518 -13.87919 -14.06629 -14.02967 -13.72883
 -13.47666 -13.49962 -13.52492 -13.56175 -13.59121 -13.62104 -13.66289 -13.69687
 -13.73220 -13.78043 -13.81728 -13.85373 -13.90172 -13.93730 -13.97140 -14.01574
 -14.04715 -14.07661 -14.13474 -14.17796 -14.21196 -14.39906 -14.36243 -14.06158
 -13.69586 -13.71882 -13.74411 -13.78094 -13.81041 -13.84023 -13.88209 -13.91606
 -13.95140 -13.99962 -14.03647 -14.07293 -14.12091 -14.15650 -14.19059 -14.23493
 -14.26634 -14.29580 -14.35394 -14.39715 -14.43116 -14.61825 -14.58162 -14.28076
 -13.92821 -13.95117 -13.97646 -14.01329 -14.04276 -14.07258 -14.11444 -14.14841
 -14.18375 -14.23197 -14.26882 -14.30528 -14.35326 -14.38885 -14.42294 -14.46728
 -14.49869 -14.52815 -14.58629 -14.62950 -14.66350 -14.85060 -14.81396 -14.51309
 -14.19234 -14.21530 -14.24060 -14.27743 -14.30689 -14.33672 -14.37857 -14.41255
 -14.44788 -14.49611 -14.53296 -14.56941 -14.61740 -14.65298 -14.68708 -14.73142
 -14.76283 -14.79229 -14.85042 -14.89363 -14.92764 -15.11473 -15.07808 -14.77720
 -14.37975 -14.40271 -14.42801 -14.46484 -14.49430 -14.52413 -14.56598 -14.59996
 -14.63529 -14.68352 -14.72037 -14.75682 -14.80481 -14.84039 -14.87449 -14.91883
 -14.95024 -14.97970 -15.03783 -15.08104 -15.11505 -15.30213 -15.26548 -14.96459
 -14.64389 -14.66685 -14.69214 -14.72897 -14.75844 -14.78826 -14.83012 -14.86409
 -14.89943 -14.94765 -14.98450 -15.02096 -15.06894 -15.10453 -15.13862 -15.18296
 -15.21437 -15.24383 -15.30196 -15.34518 -15.37918 -15.56626 -15.52961 -15.22871
 -14.97666 -14.99962 -15.02492 -15.06175 -15.09121 -15.12104 -15.16289 -15.19687
 -15.23220 -15.28043 -15.31728 -15.35373 -15.40172 -15.43730 -15.47140 -15.51574
 -15.54715 -15.57661 -15.63474 -15.67795 -15.71195 -15.89903 -15.86237 -15.56146
 -15.19586 -15.21882 -15.24411 -15.28094 -15.31041 -15.34023 -15.38209 -15.41606
 -15.45140 -15.49962 -15.53647 -15.57293 -15.62091 -15.65650 -15.69059 -15.73493
 -15.76634 -15.79580 -15.85393 -15.89715 -15.93114 -16.11823 -16.08156 -15.78064
 -15.42821 -15.45117 -15.47646 -15.51329 -15.54276 -15.57258 -15.61444 -15.64841
 -15.68375 -15.73197 -15.76882 -15.80528 -15.85326 -15.88885 -15.92294 -15.96728
 -15.99869 -16.02815 -16.08628 -16.12949 -16.16349 -16.35057 -16.31390 -16.01298
 -15.69234 -15.71530 -15.74060 -15.77743 -15.80689 -15.83672 -15.87857 -15.91255
 -15.94788 -15.99611 -16.03296 -16.06941 -16.11740 -16.15298 -16.18708 -16.23142
 -16.26283 -16.29229 -16.35042 -16.39363 -16.42763 -16.61470 -16.57803 -16.27710
 -11.45279 -11.43547 -11.41582 -11.39078 -11.36932 -11.33050 -11.26254 -11.21080
 -11.15172 -11.05923 -10.97849 -10.88443 -10.73077 -10.58955 -10.43165 -10.19569
  -9.99108  -9.76004  -9.41360  -9.12243  -8.80846  -8.37919  -8.05224  -7.70953
 -11.57771 -11.56335 -11.54693 -11.52464 -11.50493 -11.47261 -11.41713 -11.37345
 -11.32325 -11.24579 -11.17774 -11.09485 -10.97623 -10.88341 -10.76428 -10.56706
 -10.39813 -10.20695  -9.91617  -9.66962  -9.40487  -9.02357  -8.71427  -8.40560
 -11.74962 -11.74098 -11.73132 -11.71482 -11.69819 -11.67856 -11.64647 -11.61642
 -11.58228 -11.53082 -11.48505 -11.43000 -11.34229 -11.26474 -11.17520 -11.03481
 -10.91011 -10.76877 -10.55137 -10.36150 -10.15289  -9.84815  -9.59759  -9.33845
 -11.85693 -11.85092 -11.84437 -11.83313 -11.82158 -11.80784 -11.78582 -11.76551
 -11.74185 -11.70450 -11.67039 -11.62972 -11.56466 -11.50636 -11.43949 -11.33490
 -11.24009 -11.12848 -10.95478 -10.80364 -10.63296 -10.37672 -10.16130  -9.92924
 -11.96982 -11.96523 -11.96026 -11.95240 -11.94507 -11.93635 -11.92084 -11.90538
 -11.88820 -11.86284 -11.83984 -11.81126 -11.76520 -11.72460 -11.67718 -11.60127
 -11.53193 -11.45056 -11.32142 -11.20561 -11.07375 -10.87222 -10.69738 -10.50330
 -12.09633 -12.09262 -12.08918 -12.08395 -12.07896 -12.07307 -12.06294 -12.05311
 -12.04227 -12.02570 -12.01024 -11.99166 -11.96125 -11.93351 -11.90215 -11.85134
 -11.80312 -11.74758 -11.65946 -11.57883 -11.48731 -11.34480 -11.21559 -11.06603
 -12.18594 -12.18196 -12.17880 -12.17469 -12.17090 -12.16630 -12.15883 -12.15216
 -12.14447 -12.13211 -12.12063 -12.10693 -12.08451 -12.06404 -12.04086 -12.00340
 -11.96784 -11.92632 -11.86061 -11.80096 -11.73217 -11.62304 -11.52229 -11.40202
 -12.27598 -12.27471 -12.27395 -12.27309 -12.27216 -12.27063 -12.26806 -12.26584
 -12.26254 -12.25636 -12.25055 -12.24341 -12.23111 -12.21931 -12.20554 -12.18346
 -12.16260 -12.13716 -12.09653 -12.06015 -12.01684 -11.94677 -11.88042 -11.79522
 -12.07052 -12.09106 -12.10859 -12.12866 -12.14264 -12.15638 -12.17495 -12.18894
 -12.20203 -12.21801 -12.22937 -12.23995 -12.25268 -12.26122 -12.26835 -12.27479
 -12.27711 -12.27748 -12.27376 -12.26647 -12.25473 -12.23105 -12.20407 -12.16427
 -11.81660 -11.85119 -11.88167 -11.91527 -11.93675 -11.95898 -11.99089 -12.01559
 -12.04064 -12.07279 -12.09566 -12.11882 -12.15034 -12.17405 -12.19686 -12.22579
 -12.24709 -12.26756 -12.29109 -12.30472 -12.31477 -12.32260 -12.32319 -12.31664
 -11.62592 -11.66702 -11.70298 -11.74350 -11.77052 -11.79685 -11.83405 -11.86439
 -11.89533 -11.93559 -11.96527 -11.99526 -12.03762 -12.07169 -12.10484 -12.14814
 -12.18250 -12.21841 -12.26289 -12.29115 -12.31678 -12.34995 -12.37586 -12.40252
 -11.52752 -11.57138 -11.61024 -11.65409 -11.68329 -11.71198 -11.75140 -11.78223
 -11.81446 -11.85740 -11.88933 -11.92303 -11.97079 -12.00808 -12.04521 -12.09582
 -12.13715 -12.18086 -12.23528 -12.27030 -12.30328 -12.35114 -12.39532 -12.44869
 -11.52099 -11.56520 -11.60459 -11.64903 -11.67839 -11.70713 -11.74688 -11.77829
 -11.81054 -11.85320 -11.88558 -11.91968 -11.96746 -12.00492 -12.04332 -12.09664
 -12.14006 -12.18631 -12.24337 -12.27920 -12.31328 -12.36589 -12.41803 -12.48400
 -11.57675 -11.61948 -11.65778 -11.70123 -11.73019 -11.75843 -11.79738 -11.82824
 -11.85996 -11.90335 -11.93690 -11.96987 -12.01602 -12.05491 -12.09484 -12.14989
 -12.19543 -12.24492 -12.30501 -12.34080 -12.37519 -12.43102 -12.48892 -12.56512
 -11.71938 -11.75577 -11.79021 -11.83129 -11.85861 -11.88444 -11.92162 -11.95381
 -11.98683 -12.02947 -12.06155 -12.09557 -12.14425 -12.18343 -12.22448 -12.28262
 -12.33136 -12.38575 -12.45233 -12.49034 -12.52444 -12.57987 -12.64020 -12.72089
 -11.85037 -11.88269 -11.91356 -11.94992 -11.97428 -12.00069 -12.03911 -12.06923
 -12.10127 -12.14510 -12.17834 -12.21259 -12.26145 -12.30163 -12.34332 -12.40300
 -12.45443 -12.51162 -12.58105 -12.62045 -12.65546 -12.71057 -12.76971 -12.85039
 -12.01015 -12.03842 -12.06658 -12.10190 -12.12653 -12.15165 -12.18799 -12.21822
 -12.25023 -12.29367 -12.32686 -12.36112 -12.40983 -12.44999 -12.49238 -12.55310
 -12.60519 -12.66472 -12.73751 -12.77715 -12.81118 -12.86484 -12.92270 -12.99987
 -12.21114 -12.23673 -12.26314 -12.29733 -12.32161 -12.34626 -12.38128 -12.41031
 -12.44196 -12.48554 -12.51813 -12.55128 -12.59897 -12.63901 -12.68074 -12.74048
 -12.79258 -12.85233 -12.92696 -12.96853 -13.00131 -13.04962 -13.10270 -13.17295
 -12.36441 -12.38884 -12.41424 -12.44757 -12.47163 -12.49594 -12.53003 -12.55808
 -12.58880 -12.63187 -12.66464 -12.69752 -12.74352 -12.78177 -12.82252 -12.88162
 -12.93282 -12.99163 -13.06625 -13.10850 -13.14020 -13.18417 -13.23271 -13.29732
 -12.59048 -12.61338 -12.63786 -12.67010 -12.69293 -12.71594 -12.74856 -12.77592
 -12.80631 -12.84770 -12.87811 -12.91036 -12.95592 -12.99192 -13.03071 -13.08764
 -13.13651 -13.19274 -13.26531 -13.30718 -13.33747 -13.37649 -13.41848 -13.47326
 -12.88396 -12.90477 -12.92607 -12.95553 -12.97868 -13.00108 -13.03144 -13.05710
 -13.08490 -13.12342 -13.15285 -13.18247 -13.22329 -13.25664 -13.29240 -13.34333
 -13.38625 -13.43655 -13.50402 -13.54430 -13.57188 -13.60281 -13.63482 -13.67660
 -13.07302 -13.09286 -13.11459 -13.14449 -13.16633 -13.18727 -13.21568 -13.23947
 -13.26531 -13.30118 -13.32868 -13.35682 -13.39553 -13.42614 -13.45799 -13.50394
 -13.54366 -13.58868 -13.64891 -13.68640 -13.71170 -13.73788 -13.76423 -13.79895
 -13.27019 -13.28852 -13.30834 -13.33613 -13.35711 -13.37666 -13.40244 -13.42416
 -13.44768 -13.48039 -13.50558 -13.53098 -13.56484 -13.59142 -13.62051 -13.66085
 -13.69275 -13.73092 -13.78484 -13.81807 -13.83862 -13.85872 -13.88043 -13.90741
 -13.53354 -13.55182 -13.57161 -13.59937 -13.62036 -13.63992 -13.66569 -13.68740
 -13.71091 -13.74361 -13.76880 -13.79420 -13.82803 -13.85459 -13.88369 -13.92402
 -13.95586 -13.99400 -14.04795 -14.08118 -14.10170 -14.12172 -14.14339 -14.17026
 -13.72078 -13.73906 -13.75885 -13.78662 -13.80761 -13.82717 -13.85295 -13.87467
 -13.89819 -13.93091 -13.95611 -13.98152 -14.01536 -14.04194 -14.07106 -14.11141
 -14.14327 -14.18144 -14.23543 -14.26868 -14.28921 -14.30924 -14.33091 -14.35778
 -13.98475 -14.00301 -14.02281 -14.05058 -14.07158 -14.09115 -14.11694 -14.13867
 -14.16220 -14.19492 -14.22014 -14.24556 -14.27942 -14.30601 -14.33514 -14.37551
 -14.40739 -14.44559 -14.49962 -14.53290 -14.55344 -14.57348 -14.59515 -14.62201
 -14.31737 -14.33563 -14.35542 -14.38320 -14.40421 -14.42378 -14.44957 -14.47131
 -14.49485 -14.52759 -14.55281 -14.57824 -14.61211 -14.63871 -14.66786 -14.70826
 -14.74015 -14.77837 -14.83243 -14.86573 -14.88629 -14.90633 -14.92800 -14.95486
 -14.53649 -14.55474 -14.57454 -14.60232 -14.62333 -14.64290 -14.66870 -14.69044
 -14.71398 -14.74672 -14.77195 -14.79738 -14.83126 -14.85787 -14.88703 -14.92743
 -14.95933 -14.99756 -15.05164 -15.08495 -15.10551 -15.12555 -15.14722 -15.17409
 -14.76878 -14.78703 -14.80682 -14.83461 -14.85561 -14.87519 -14.90099 -14.92274
 -14.94628 -14.97903 -15.00426 -15.02969 -15.06358 -15.09019 -15.11935 -15.15976
 -15.19167 -15.22991 -15.28400 -15.31732 -15.33788 -15.35792 -15.37960 -15.40646
 -15.03286 -15.05110 -15.07090 -15.09868 -15.11970 -15.13927 -15.16508 -15.18682
 -15.21037 -15.24312 -15.26835 -15.29379 -15.32768 -15.35430 -15.38346 -15.42388
 -15.45579 -15.49404 -15.54814 -15.58146 -15.60203 -15.62207 -15.64375 -15.67061
 -10.58862 -10.58678 -10.58592 -10.58634 -10.58871 -10.59370 -10.60145 -10.59608
 -10.58873 -10.56922 -10.52672 -10.47120 -10.40234 -10.34111 -10.26311 -10.13200
 -10.00738  -9.85792  -9.61943  -9.40584  -9.16107  -8.78667  -8.46917  -8.12797
 -10.72942 -10.72656 -10.72346 -10.71863 -10.71486 -10.71148 -10.70638 -10.69614
 -10.68325 -10.65797 -10.61540 -10.55982 -10.49087 -10.42958 -10.35150 -10.22032
 -10.09559  -9.94606  -9.70756  -9.49392  -9.24913  -8.87473  -8.55723  -8.21602
 -10.90122 -10.90055 -10.89789 -10.88924 -10.87921 -10.86703 -10.84902 -10.83465
 -10.81700 -10.78211 -10.74264 -10.70084 -10.65877 -10.61125 -10.54147 -10.42378
 -10.31158 -10.17758  -9.96559  -9.77428  -9.55373  -9.21591  -8.92558  -8.61248
 -11.01325 -11.01071 -11.00687 -10.99883 -10.99081 -10.98164 -10.96808 -10.95543
 -10.93901 -10.90899 -10.88049 -10.84983 -10.80748 -10.76211 -10.70435 -10.62087
 -10.54460 -10.44671 -10.27886 -10.12415  -9.94443  -9.66578  -9.42581  -9.15936
 -11.14888 -11.14546 -11.14147 -11.13533 -11.13006 -11.12427 -11.11533 -11.10581
 -11.09353 -11.07404 -11.05520 -11.03124 -10.99071 -10.95384 -10.91119 -10.84459
 -10.78344 -10.70729 -10.57703 -10.45673 -10.31551 -10.09103  -9.89401  -9.67262
 -11.30777 -11.30700 -11.30572 -11.30264 -11.29938 -11.29552 -11.28955 -11.28389
 -11.27640 -11.26261 -11.25034 -11.23639 -11.21336 -11.19179 -11.16527 -11.11953
 -11.07601 -11.02382 -10.93849 -10.85805 -10.76084 -10.60247 -10.45725 -10.28923
 -11.42005 -11.42119 -11.42190 -11.42129 -11.41978 -11.41766 -11.41401 -11.40978
 -11.40400 -11.39454 -11.38647 -11.37696 -11.36029 -11.34477 -11.32621 -11.29493
 -11.26547 -11.22995 -11.17088 -11.11419 -11.04453 -10.92845 -10.81899 -10.68858
 -11.55550 -11.56249 -11.56887 -11.57418 -11.57601 -11.57655 -11.57586 -11.57396
 -11.57120 -11.56735 -11.56391 -11.55936 -11.55117 -11.54361 -11.53416 -11.51679
 -11.50027 -11.48085 -11.44928 -11.41834 -11.37930 -11.31252 -11.24676 -11.16480
 -11.56766 -11.59071 -11.61308 -11.63717 -11.65085 -11.66107 -11.67041 -11.67613
 -11.68129 -11.68688 -11.69095 -11.69456 -11.69715 -11.69850 -11.69906 -11.69678
 -11.69419 -11.69091 -11.68328 -11.67432 -11.66206 -11.63920 -11.61455 -11.58063
 -11.48423 -11.52067 -11.55697 -11.59819 -11.62287 -11.64207 -11.66044 -11.67210
 -11.68326 -11.69713 -11.70723 -11.71683 -11.72817 -11.73584 -11.74231 -11.74845
 -11.75310 -11.75786 -11.76217 -11.76338 -11.76283 -11.75940 -11.75334 -11.74193
 -11.40691 -11.45287 -11.49947 -11.55346 -11.58634 -11.61228 -11.63777 -11.65364
 -11.66887 -11.68891 -11.70318 -11.71694 -11.73474 -11.74676 -11.75768 -11.77178
 -11.78194 -11.79133 -11.80253 -11.81086 -11.81916 -11.82936 -11.83680 -11.84382
 -11.37301 -11.42278 -11.47386 -11.53391 -11.57094 -11.60057 -11.63016 -11.64771
 -11.66374 -11.68567 -11.70262 -11.71886 -11.73776 -11.75159 -11.76531 -11.78213
 -11.79505 -11.80788 -11.82257 -11.83385 -11.84621 -11.86383 -11.87966 -11.89888
 -11.37813 -11.42731 -11.47834 -11.53926 -11.57726 -11.60781 -11.63825 -11.65571
 -11.67128 -11.69317 -11.71002 -11.72622 -11.74647 -11.76046 -11.77372 -11.79143
 -11.80457 -11.81721 -11.83322 -11.84551 -11.85856 -11.87803 -11.89664 -11.92030
 -11.41599 -11.46234 -11.51101 -11.57017 -11.60737 -11.63703 -11.66607 -11.68342
 -11.69969 -11.72195 -11.73824 -11.75408 -11.77522 -11.78967 -11.80312 -11.82181
 -11.83525 -11.84785 -11.86487 -11.87802 -11.89181 -11.91315 -11.93450 -11.96233
 -11.50629 -11.54655 -11.58904 -11.64154 -11.67589 -11.70509 -11.73638 -11.75463
 -11.77111 -11.79587 -11.81455 -11.83234 -11.85636 -11.87388 -11.89047 -11.91214
 -11.92850 -11.94452 -11.96503 -11.98055 -11.99702 -12.02260 -12.04769 -12.07971
 -11.59207 -11.62669 -11.66358 -11.71069 -11.74290 -11.77151 -11.80394 -11.82445
 -11.84344 -11.87018 -11.89118 -11.91233 -11.94013 -11.96044 -11.98027 -12.00646
 -12.02622 -12.04559 -12.07033 -12.08931 -12.10931 -12.13890 -12.16693 -12.20178
 -11.70883 -11.73805 -11.76951 -11.81133 -11.84128 -11.86894 -11.90160 -11.92371
 -11.94487 -11.97382 -11.99711 -12.02120 -12.05264 -12.07592 -12.09914 -12.13013
 -12.15335 -12.17628 -12.20643 -12.22936 -12.25293 -12.28706 -12.31859 -12.35644
 -11.86960 -11.89446 -11.92104 -11.95707 -11.98404 -12.01038 -12.04371 -12.06652
 -12.08810 -12.11813 -12.14228 -12.16725 -12.20067 -12.22568 -12.25061 -12.28424
 -12.30967 -12.33464 -12.36713 -12.39245 -12.41839 -12.45360 -12.48515 -12.52277
 -12.00143 -12.02390 -12.04788 -12.08090 -12.10629 -12.13181 -12.16507 -12.18793
 -12.20943 -12.23946 -12.26355 -12.28834 -12.32156 -12.34685 -12.37220 -12.40566
 -12.43077 -12.45593 -12.48979 -12.51510 -12.54035 -12.57588 -12.60706 -12.64300
 -12.20967 -12.22971 -12.25114 -12.28147 -12.30539 -12.32977 -12.36186 -12.38459
 -12.40629 -12.43569 -12.45873 -12.48279 -12.51675 -12.54249 -12.56745 -12.59966
 -12.62429 -12.64959 -12.68367 -12.70833 -12.73262 -12.76777 -12.79781 -12.83137
 -12.48915 -12.50788 -12.52799 -12.55670 -12.57934 -12.60208 -12.63156 -12.65362
 -12.67523 -12.70262 -12.72441 -12.74784 -12.78012 -12.80426 -12.82786 -12.85890
 -12.88278 -12.90698 -12.93871 -12.96209 -12.98532 -13.01746 -13.04437 -13.07499
 -12.67778 -12.69504 -12.71336 -12.73950 -12.76055 -12.78249 -12.81218 -12.83362
 -12.85383 -12.87993 -12.90070 -12.92273 -12.95295 -12.97570 -12.99805 -13.02730
 -13.04967 -13.07219 -13.10151 -13.12323 -13.14462 -13.17280 -13.19505 -13.21892
 -12.87542 -12.89133 -12.90812 -12.93201 -12.95139 -12.97190 -13.00022 -13.02072
 -13.03974 -13.06375 -13.08299 -13.10347 -13.13087 -13.15158 -13.17206 -13.19848
 -13.21875 -13.23921 -13.26549 -13.28467 -13.30342 -13.32795 -13.34662 -13.36583
 -13.09770 -13.11213 -13.12727 -13.14870 -13.16609 -13.18452 -13.21011 -13.22901
 -13.24676 -13.26867 -13.28514 -13.30250 -13.32732 -13.34575 -13.36342 -13.38666
 -13.40398 -13.42109 -13.44359 -13.46022 -13.47644 -13.49735 -13.51279 -13.52859
 -13.23834 -13.25136 -13.26499 -13.28430 -13.29984 -13.31608 -13.33827 -13.35493
 -13.37089 -13.39049 -13.40503 -13.42002 -13.44072 -13.45643 -13.47202 -13.49251
 -13.50740 -13.52172 -13.54045 -13.55433 -13.56783 -13.58504 -13.59778 -13.61060
 -13.49082 -13.50354 -13.51688 -13.53575 -13.55089 -13.56661 -13.58794 -13.60406
 -13.61960 -13.63860 -13.65279 -13.66740 -13.68700 -13.70201 -13.71719 -13.73718
 -13.75156 -13.76529 -13.78320 -13.79646 -13.80930 -13.82570 -13.83793 -13.85018
 -13.82350 -13.83623 -13.84958 -13.86848 -13.88364 -13.89938 -13.92074 -13.93688
 -13.95245 -13.97147 -13.98570 -14.00033 -14.01996 -14.03501 -14.05021 -14.07024
 -14.08465 -14.09841 -14.11636 -14.12964 -14.14252 -14.15896 -14.17122 -14.18351
 -14.04264 -14.05538 -14.06874 -14.08765 -14.10282 -14.11857 -14.13995 -14.15610
 -14.17168 -14.19072 -14.20496 -14.21961 -14.23927 -14.25432 -14.26955 -14.28959
 -14.30402 -14.31780 -14.33577 -14.34907 -14.36196 -14.37843 -14.39071 -14.40302
 -14.27495 -14.28769 -14.30106 -14.31998 -14.33516 -14.35092 -14.37232 -14.38848
 -14.40407 -14.42313 -14.43738 -14.45205 -14.47172 -14.48680 -14.50204 -14.52210
 -14.53654 -14.55034 -14.56833 -14.58165 -14.59456 -14.61105 -14.62335 -14.63568
 -14.53903 -14.55178 -14.56516 -14.58410 -14.59929 -14.61506 -14.63647 -14.65265
 -14.66826 -14.68733 -14.70160 -14.71627 -14.73597 -14.75106 -14.76632 -14.78640
 -14.80086 -14.81467 -14.83269 -14.84602 -14.85895 -14.87546 -14.88779 -14.90014
 -10.24969 -10.24601 -10.24302 -10.24014 -10.23805 -10.23533 -10.22959 -10.22253
 -10.21217 -10.20825 -10.20691 -10.18810 -10.15568 -10.12486 -10.08749 -10.02591
  -9.96762  -9.89361  -9.76393  -9.63839  -9.48501  -9.23344  -9.00310  -8.73671
 -10.34904 -10.34581 -10.34281 -10.33910 -10.33601 -10.33219 -10.32525 -10.31785
 -10.30801 -10.30073 -10.29505 -10.27624 -10.24382 -10.21300 -10.17563 -10.11406
 -10.05576  -9.98175  -9.85208  -9.72654  -9.57316  -9.32160  -9.09125  -8.82486
 -10.47453 -10.47186 -10.46883 -10.46410 -10.45976 -10.45457 -10.44611 -10.43829
 -10.42906 -10.41758 -10.40649 -10.38768 -10.35526 -10.32445 -10.28708 -10.22552
 -10.16723 -10.09323  -9.96356  -9.83803  -9.68466  -9.43310  -9.20276  -8.93637
 -10.55795 -10.55564 -10.55259 -10.54719 -10.54204 -10.53595 -10.52652 -10.51842
 -10.50957 -10.49534 -10.48068 -10.46191 -10.42967 -10.39893 -10.36160 -10.30010
 -10.24187 -10.16794 -10.03838  -9.91291  -9.75963  -9.50825  -9.27806  -9.01182
 -10.65033 -10.64812 -10.64506 -10.63952 -10.63426 -10.62818 -10.61901 -10.61140
 -10.60332 -10.58734 -10.56716 -10.55470 -10.55125 -10.53391 -10.50442 -10.45466
 -10.40666 -10.34616 -10.24211 -10.14217 -10.02006  -9.81773  -9.62905  -9.40900
 -10.78254 -10.78050 -10.77814 -10.77467 -10.77180 -10.76874 -10.76410 -10.75963
 -10.75385 -10.74425 -10.73560 -10.72246 -10.69691 -10.67544 -10.65044 -10.60887
 -10.56992 -10.51878 -10.43897 -10.38463 -10.30894 -10.15187 -10.00612  -9.83646
 -10.87720 -10.87619 -10.87492 -10.87275 -10.87068 -10.86820 -10.86426 -10.86074
 -10.85674 -10.85020 -10.84350 -10.83475 -10.81962 -10.80546 -10.78860 -10.76107
 -10.73477 -10.70092 -10.64219 -10.58713 -10.51837 -10.40043 -10.28937 -10.15613
 -10.99513 -10.99506 -10.99489 -10.99449 -10.99397 -10.99320 -10.99167 -10.99006
 -10.98801 -10.98454 -10.98123 -10.97703 -10.96967 -10.96243 -10.95349 -10.93843
 -10.92369 -10.90462 -10.87118 -10.83901 -10.79931 -10.73140 -10.66447 -10.58054
 -11.02256 -11.02805 -11.03359 -11.04098 -11.04670 -11.05262 -11.06053 -11.06606
 -11.07077 -11.07589 -11.07975 -11.08382 -11.08945 -11.09344 -11.09659 -11.09810
 -11.09611 -11.09155 -11.08181 -11.07102 -11.05638 -11.02908 -11.00039 -10.96277
 -10.93855 -10.94982 -10.96148 -10.97747 -10.99013 -11.00339 -11.02152 -11.03486
 -11.04721 -11.06207 -11.07336 -11.08546 -11.10330 -11.11773 -11.13126 -11.14574
 -11.15398 -11.16011 -11.16572 -11.16831 -11.16839 -11.16304 -11.15414 -11.13944
 -10.83758 -10.85258 -10.86837 -10.89064 -10.90883 -10.92842 -10.95588 -10.97641
 -10.99549 -11.01882 -11.03728 -11.05760 -11.08780 -11.11217 -11.13595 -11.16427
 -11.18328 -11.20043 -11.22133 -11.23656 -11.25031 -11.26539 -11.27465 -11.28012
 -10.77611 -10.79334 -10.81147 -10.83692 -10.85789 -10.88089 -10.91390 -10.93907
 -10.96290 -10.99236 -11.01539 -11.04090 -11.07943 -11.11090 -11.14271 -11.18227
 -11.20931 -11.23503 -11.26860 -11.29394 -11.31925 -11.35187 -11.37528 -11.39749
 -10.77332 -10.79078 -10.80949 -10.83625 -10.85827 -10.88206 -10.91566 -10.94140
 -10.96632 -10.99775 -11.02193 -11.04873 -11.08979 -11.12359 -11.15801 -11.20121
 -11.23111 -11.26000 -11.29866 -11.32809 -11.35765 -11.39720 -11.42723 -11.45687
 -10.81754 -10.83445 -10.85254 -10.87840 -10.89986 -10.92332 -10.95698 -10.98304
 -11.00842 -11.04041 -11.06467 -11.09130 -11.13200 -11.16578 -11.20074 -11.24561
 -11.27694 -11.30729 -11.34783 -11.37885 -11.41068 -11.45433 -11.48806 -11.52236
 -10.93947 -10.95533 -10.97222 -10.99623 -11.01622 -11.03827 -11.07030 -11.09547
 -11.12035 -11.15196 -11.17546 -11.20077 -11.23921 -11.27148 -11.30554 -11.35016
 -11.38123 -11.41089 -11.45031 -11.48085 -11.51255 -11.55621 -11.59035 -11.62650
 -11.04807 -11.06331 -11.07957 -11.10276 -11.12210 -11.14349 -11.17466 -11.19922
 -11.22357 -11.25461 -11.27781 -11.30257 -11.33965 -11.37080 -11.40387 -11.44741
 -11.47778 -11.50710 -11.54655 -11.57662 -11.60756 -11.65059 -11.68464 -11.72147
 -11.18063 -11.19559 -11.21164 -11.23450 -11.25340 -11.27402 -11.30395 -11.32800
 -11.35268 -11.38438 -11.40633 -11.42967 -11.46601 -11.49639 -11.52822 -11.57009
 -11.60001 -11.62929 -11.66897 -11.69980 -11.73055 -11.77168 -11.80556 -11.84268
 -11.35090 -11.36541 -11.38067 -11.40217 -11.42021 -11.44050 -11.47071 -11.49493
 -11.51925 -11.55030 -11.57286 -11.59643 -11.63129 -11.66024 -11.69067 -11.73143
 -11.76153 -11.79080 -11.82925 -11.85909 -11.88958 -11.93105 -11.96417 -12.00043
 -11.48391 -11.49824 -11.51329 -11.53434 -11.55198 -11.57189 -11.60172 -11.62573
 -11.64982 -11.68082 -11.70383 -11.72712 -11.76022 -11.78848 -11.81856 -11.85862
 -11.88794 -11.91665 -11.95502 -11.98491 -12.01509 -12.05558 -12.08812 -12.12383
 -11.68835 -11.70266 -11.71768 -11.73848 -11.75552 -11.77424 -11.80189 -11.82470
 -11.84886 -11.88087 -11.90303 -11.92551 -11.95853 -11.98554 -12.01399 -12.05254
 -12.08114 -12.10938 -12.14690 -12.17574 -12.20533 -12.24568 -12.27705 -12.31046
 -11.96759 -11.98056 -11.99446 -12.01431 -12.03084 -12.04905 -12.07593 -12.09815
 -12.12176 -12.15339 -12.17559 -12.19725 -12.22766 -12.25331 -12.28083 -12.31809
 -12.34535 -12.37206 -12.40812 -12.43695 -12.46560 -12.50222 -12.53103 -12.56277
 -12.16139 -12.17416 -12.18786 -12.20737 -12.22352 -12.24116 -12.26703 -12.28841
 -12.31124 -12.34231 -12.36467 -12.38621 -12.41530 -12.43954 -12.46584 -12.50209
 -12.52873 -12.55483 -12.59005 -12.61809 -12.64554 -12.68051 -12.70881 -12.73931
 -12.37295 -12.38582 -12.39945 -12.41840 -12.43392 -12.45090 -12.47590 -12.49656
 -12.51855 -12.54868 -12.57096 -12.59230 -12.62063 -12.64468 -12.67027 -12.70475
 -12.73098 -12.75666 -12.79001 -12.81609 -12.84274 -12.87808 -12.90493 -12.93330
 -12.61790 -12.62966 -12.64241 -12.66077 -12.67600 -12.69259 -12.71681 -12.73692
 -12.75858 -12.78833 -12.80978 -12.83036 -12.85785 -12.88039 -12.90468 -12.93835
 -12.96350 -12.98843 -13.02148 -13.04649 -13.07183 -13.10605 -13.13229 -13.15925
 -12.79377 -12.80546 -12.81791 -12.83541 -12.84979 -12.86549 -12.88866 -12.90818
 -12.92955 -12.95927 -12.98062 -13.00077 -13.02731 -13.04942 -13.07307 -13.10553
 -13.13038 -13.15484 -13.18654 -13.21086 -13.23561 -13.26859 -13.29338 -13.31915
 -13.04113 -13.05226 -13.06408 -13.08062 -13.09426 -13.10925 -13.13153 -13.15028
 -13.17067 -13.19917 -13.22036 -13.24039 -13.26585 -13.28645 -13.30847 -13.33928
 -13.36338 -13.38720 -13.41761 -13.44051 -13.46376 -13.49455 -13.51711 -13.54098
 -13.36130 -13.37207 -13.38360 -13.39987 -13.41314 -13.42744 -13.44835 -13.46622
 -13.48631 -13.51473 -13.53491 -13.55452 -13.58046 -13.59970 -13.62039 -13.65083
 -13.67403 -13.69671 -13.72582 -13.74747 -13.76979 -13.80015 -13.82216 -13.84466
 -13.58006 -13.59084 -13.60239 -13.61868 -13.63197 -13.64628 -13.66720 -13.68508
 -13.70519 -13.73363 -13.75383 -13.77346 -13.79941 -13.81867 -13.83939 -13.86985
 -13.89307 -13.91578 -13.94493 -13.96661 -13.98896 -14.01935 -14.04139 -14.06391
 -13.81202 -13.82280 -13.83436 -13.85068 -13.86399 -13.87830 -13.89923 -13.91713
 -13.93724 -13.96571 -13.98593 -14.00557 -14.03154 -14.05082 -14.07158 -14.10205
 -14.12528 -14.14802 -14.17721 -14.19891 -14.22130 -14.25172 -14.27378 -14.29632
 -14.07576 -14.08655 -14.09813 -14.11447 -14.12779 -14.14211 -14.16306 -14.18096
 -14.20109 -14.22958 -14.24982 -14.26948 -14.29546 -14.31477 -14.33555 -14.36604
 -14.38928 -14.41205 -14.44128 -14.46301 -14.48542 -14.51588 -14.53796 -14.56051
 -10.02978 -10.02427 -10.01187  -9.99094  -9.97694  -9.96631  -9.95280  -9.93914
  -9.92124  -9.89438  -9.87442  -9.85435  -9.82050  -9.78692  -9.74583  -9.67971
  -9.61914  -9.54290  -9.40492  -9.29805  -9.18365  -8.92478  -8.63670  -8.28067
 -10.13422 -10.12882 -10.11805 -10.10021 -10.08798 -10.07819 -10.06543 -10.05296
 -10.03711 -10.01358  -9.99601  -9.97814  -9.94783  -9.91785  -9.88128  -9.82236
  -9.76843  -9.70116  -9.58067  -9.48303  -9.37448  -9.14222  -8.88965  -8.57744
 -10.26564 -10.26036 -10.25164 -10.23762 -10.22758 -10.21882 -10.20698 -10.19598
 -10.18264 -10.16320 -10.14856 -10.13339 -10.10739 -10.08180 -10.05072 -10.00052
  -9.95458  -9.89808  -9.79851  -9.71175  -9.60997  -9.40915  -9.19890  -8.93959
 -10.35210 -10.34691 -10.33950 -10.32796 -10.31933 -10.31125 -10.30000 -10.28994
 -10.27823 -10.26140 -10.24864 -10.23518 -10.21194 -10.18913 -10.16152 -10.11680
 -10.07585 -10.02606  -9.93941  -9.85925  -9.76143  -9.57951  -9.39469  -9.16733
 -10.44366 -10.43856 -10.43254 -10.42358 -10.41642 -10.40903 -10.39840 -10.38932
 -10.37929 -10.36518 -10.35435 -10.34266 -10.32224 -10.30228 -10.27821 -10.23905
 -10.20313 -10.16004 -10.08616 -10.01237  -9.91824  -9.75425  -9.59332  -9.39554
 -10.52258 -10.51906 -10.51530 -10.50969 -10.50476 -10.49914 -10.49077 -10.48382
 -10.47643 -10.46620 -10.45825 -10.44940 -10.43351 -10.41781 -10.39882 -10.36791
 -10.33925 -10.30471 -10.24596 -10.18655 -10.10990  -9.97710  -9.84864  -9.69118
 -10.54226 -10.54298 -10.54171 -10.53832 -10.53566 -10.53323 -10.52883 -10.52340
 -10.51597 -10.50533 -10.49856 -10.49271 -10.48145 -10.46825 -10.45256 -10.43427
 -10.41517 -10.38507 -10.32989 -10.28924 -10.24602 -10.14444 -10.03709  -9.90863
 -10.63608 -10.63645 -10.63581 -10.63416 -10.63294 -10.63194 -10.63042 -10.62863
 -10.62614 -10.62213 -10.61890 -10.61550 -10.60982 -10.60338 -10.59489 -10.58184
 -10.56818 -10.54941 -10.51699 -10.48663 -10.44842 -10.37651 -10.30494 -10.21716
 -10.67997 -10.68367 -10.68757 -10.69273 -10.69639 -10.69980 -10.70420 -10.70772
 -10.71135 -10.71559 -10.71790 -10.71988 -10.72424 -10.72850 -10.73305 -10.73906
 -10.74029 -10.73676 -10.72609 -10.71410 -10.69785 -10.66635 -10.63353 -10.59145
 -10.61032 -10.61873 -10.62760 -10.63999 -10.64981 -10.65995 -10.67372 -10.68433
 -10.69500 -10.70888 -10.71916 -10.72979 -10.74641 -10.76132 -10.77804 -10.80070
 -10.81352 -10.82103 -10.82599 -10.82533 -10.82060 -10.81023 -10.79661 -10.77569
 -10.50417 -10.51710 -10.53098 -10.55074 -10.56669 -10.58346 -10.60681 -10.62536
 -10.64448 -10.66987 -10.68884 -10.70825 -10.73776 -10.76472 -10.79554 -10.83712
 -10.86377 -10.88455 -10.90610 -10.91839 -10.92743 -10.93570 -10.93818 -10.93609
 -10.44227 -10.45821 -10.47501 -10.49870 -10.51789 -10.53828 -10.56732 -10.59104
 -10.61614 -10.65046 -10.67677 -10.70348 -10.74165 -10.77721 -10.81946 -10.87650
 -10.91509 -10.94791 -10.98321 -11.00635 -11.02782 -11.05274 -11.06878 -11.08199
 -10.44581 -10.46233 -10.48004 -10.50522 -10.52554 -10.54705 -10.57799 -10.60380
 -10.63155 -10.66946 -10.69793 -10.72652 -10.76823 -10.80609 -10.85008 -10.91115
 -10.95340 -10.98973 -11.03040 -11.05787 -11.08378 -11.11576 -11.13794 -11.15817
 -10.49768 -10.51424 -10.53195 -10.55709 -10.57740 -10.59902 -10.63050 -10.65723
 -10.68619 -10.72515 -10.75318 -10.78085 -10.82363 -10.86194 -10.90488 -10.96508
 -11.00703 -11.04314 -11.08447 -11.11318 -11.14104 -11.17723 -11.20364 -11.22907
 -10.62126 -10.63629 -10.65245 -10.67582 -10.69516 -10.71610 -10.74661 -10.77210
 -10.79943 -10.83669 -10.86457 -10.89214 -10.93068 -10.96453 -11.00329 -11.05679
 -11.09460 -11.12811 -11.16638 -11.19331 -11.22009 -11.25531 -11.28276 -11.31166
 -10.73383 -10.74838 -10.76410 -10.78661 -10.80489 -10.82438 -10.85285 -10.87706
 -10.90344 -10.93962 -10.96647 -10.99273 -11.02936 -11.06087 -11.09626 -11.14528
 -11.18083 -11.21300 -11.24928 -11.27509 -11.30140 -11.33596 -11.36389 -11.39466
 -10.87783 -10.89146 -10.90641 -10.92797 -10.94546 -10.96406 -10.99109 -11.01400
 -11.03899 -11.07357 -11.09968 -11.12528 -11.15954 -11.18828 -11.22064 -11.26626
 -11.29991 -11.33066 -11.36617 -11.39154 -11.41736 -11.45238 -11.48118 -11.51335
 -11.06599 -11.07882 -11.09305 -11.11361 -11.13016 -11.14761 -11.17294 -11.19451
 -11.21823 -11.25160 -11.27739 -11.30271 -11.33479 -11.36123 -11.39114 -11.43250
 -11.46372 -11.49341 -11.52796 -11.55311 -11.57958 -11.61684 -11.64702 -11.68035
 -11.21206 -11.22459 -11.23843 -11.25834 -11.27429 -11.29105 -11.31542 -11.33626
 -11.35931 -11.39198 -11.41741 -11.44239 -11.47343 -11.49836 -11.52656 -11.56673
 -11.59669 -11.62479 -11.65947 -11.68513 -11.71162 -11.74954 -11.78098 -11.81581
 -11.43273 -11.44449 -11.45762 -11.47666 -11.49195 -11.50806 -11.53152 -11.55167
 -11.57397 -11.60536 -11.62945 -11.65308 -11.68336 -11.70726 -11.73345 -11.77148
 -11.80042 -11.82794 -11.86281 -11.88874 -11.91531 -11.95380 -11.98589 -12.02129
 -11.72504 -11.73606 -11.74863 -11.76719 -11.78234 -11.79834 -11.82127 -11.84034
 -11.86106 -11.89076 -11.91480 -11.93911 -11.96870 -11.99130 -12.01591 -12.05057
 -12.07775 -12.10496 -12.13943 -12.16525 -12.19194 -12.22966 -12.26161 -12.29760
 -11.92673 -11.93747 -11.94965 -11.96747 -11.98182 -11.99687 -12.01858 -12.03697
 -12.05730 -12.08672 -12.11052 -12.13449 -12.16347 -12.18506 -12.20841 -12.24263
 -12.26954 -12.29595 -12.32985 -12.35582 -12.38274 -12.41957 -12.45047 -12.48582
 -12.14330 -12.15361 -12.16545 -12.18290 -12.19697 -12.21170 -12.23289 -12.25080
 -12.27057 -12.29919 -12.32241 -12.34593 -12.37468 -12.39561 -12.41776 -12.45104
 -12.47764 -12.50384 -12.53759 -12.56320 -12.58925 -12.62449 -12.65517 -12.69093
 -12.39260 -12.40267 -12.41428 -12.43132 -12.44492 -12.45901 -12.47909 -12.49597
 -12.51462 -12.54198 -12.56469 -12.58808 -12.61687 -12.63855 -12.66140 -12.69213
 -12.71617 -12.74154 -12.77695 -12.80254 -12.82661 -12.86143 -12.89111 -12.92399
 -12.57099 -12.58050 -12.59123 -12.60721 -12.62054 -12.63490 -12.65535 -12.67190
 -12.68957 -12.71557 -12.73797 -12.76182 -12.79122 -12.81223 -12.83357 -12.86367
 -12.88810 -12.91349 -12.94685 -12.97131 -12.99563 -13.03031 -13.05893 -13.09029
 -12.82273 -12.83191 -12.84256 -12.85844 -12.87140 -12.88505 -12.90452 -12.92064
 -12.93820 -12.96390 -12.98543 -13.00799 -13.03642 -13.05712 -13.07816 -13.10762
 -13.13095 -13.15489 -13.18745 -13.21169 -13.23534 -13.26791 -13.29518 -13.32563
 -13.14017 -13.14883 -13.15897 -13.17414 -13.18651 -13.19950 -13.21794 -13.23313
 -13.24963 -13.27392 -13.29449 -13.31638 -13.34459 -13.36466 -13.38412 -13.41120
 -13.43399 -13.45822 -13.48870 -13.51117 -13.53402 -13.56471 -13.58982 -13.61779
 -13.35348 -13.36175 -13.37156 -13.38646 -13.39883 -13.41192 -13.43034 -13.44513
 -13.46090 -13.48424 -13.50456 -13.52644 -13.55395 -13.57407 -13.59426 -13.62061
 -13.64241 -13.66617 -13.69603 -13.71779 -13.73984 -13.76980 -13.79470 -13.82236
 -13.58583 -13.59410 -13.60391 -13.61881 -13.63118 -13.64427 -13.66269 -13.67748
 -13.69325 -13.71659 -13.73690 -13.75878 -13.78628 -13.80640 -13.82657 -13.85289
 -13.87469 -13.89844 -13.92831 -13.95008 -13.97214 -14.00211 -14.02703 -14.05470
 -13.84996 -13.85823 -13.86804 -13.88295 -13.89531 -13.90841 -13.92683 -13.94162
 -13.95738 -13.98072 -14.00103 -14.02291 -14.05041 -14.07051 -14.09067 -14.11697
 -14.13876 -14.16251 -14.19238 -14.21416 -14.23623 -14.26620 -14.29114 -14.31882
 -10.17099 -10.16000 -10.14930 -10.13450 -10.12255 -10.11005 -10.09281 -10.07912
 -10.06464 -10.04398 -10.02750 -10.01086  -9.98912  -9.97077  -9.94856  -9.91329
  -9.88133  -9.84392  -9.78577  -9.73170  -9.66390  -9.54527  -9.42832  -9.28330
 -10.25903 -10.24804 -10.23735 -10.22255 -10.21060 -10.19809 -10.18086 -10.16717
 -10.15268 -10.13202 -10.11555 -10.09890 -10.07716 -10.05882 -10.03661 -10.00134
  -9.96938  -9.93197  -9.87382  -9.81975  -9.75195  -9.63331  -9.51637  -9.37134
 -10.36996 -10.35897 -10.34827 -10.33347 -10.32152 -10.30902 -10.29178 -10.27809
 -10.26361 -10.24295 -10.22647 -10.20983 -10.18809 -10.16974 -10.14753 -10.11226
 -10.08030 -10.04289  -9.98474  -9.93067  -9.86287  -9.74424  -9.62729  -9.48227
 -10.44302 -10.43203 -10.42134 -10.40654 -10.39459 -10.38208 -10.36485 -10.35116
 -10.33667 -10.31601 -10.29954 -10.28289 -10.26115 -10.24281 -10.22060 -10.18533
 -10.15337 -10.11596 -10.05781 -10.00374  -9.93594  -9.81730  -9.70036  -9.55534
 -10.52047 -10.50948 -10.49879 -10.48399 -10.47204 -10.45953 -10.44230 -10.42861
 -10.41412 -10.39346 -10.37699 -10.36034 -10.33860 -10.32026 -10.29805 -10.26279
 -10.23083 -10.19343 -10.13528 -10.08122 -10.01342  -9.89479  -9.77785  -9.63282
 -10.60852 -10.59753 -10.58683 -10.57203 -10.56008 -10.54758 -10.53034 -10.51665
 -10.50217 -10.48151 -10.46504 -10.44839 -10.42667 -10.40834 -10.38616 -10.35096
 -10.31905 -10.28169 -10.22361 -10.16958 -10.10182  -9.98323  -9.86633  -9.72134
 -10.60061 -10.59198 -10.58357 -10.57216 -10.56321 -10.55411 -10.54195 -10.53237
 -10.52196 -10.50626 -10.49313 -10.47954 -10.46155 -10.44632 -10.42793 -10.39886
 -10.37240 -10.34121 -10.29251 -10.24566 -10.18533 -10.08204  -9.98091  -9.85445
 -10.55172 -10.54799 -10.54532 -10.54419 -10.54295 -10.53786 -10.52055 -10.50191
 -10.48414 -10.46993 -10.46592 -10.46380 -10.45830 -10.45137 -10.44284 -10.42809
 -10.41438 -10.39637 -10.35707 -10.33128 -10.31583 -10.25879 -10.18455 -10.09593
 -10.50490 -10.50788 -10.51052 -10.51355 -10.51570 -10.51800 -10.52166 -10.52478
 -10.52784 -10.53139 -10.53359 -10.53551 -10.53861 -10.54359 -10.55217 -10.56522
 -10.57316 -10.57694 -10.57328 -10.56263 -10.54485 -10.51257 -10.47945 -10.43525
 -10.46278 -10.46955 -10.47600 -10.48505 -10.49239 -10.49983 -10.50942 -10.51650
 -10.52365 -10.53374 -10.54211 -10.55157 -10.56743 -10.58428 -10.60691 -10.64242
 -10.66640 -10.68260 -10.69256 -10.69350 -10.69001 -10.67772 -10.66236 -10.64110
 -10.40872 -10.42079 -10.43246 -10.44804 -10.46025 -10.47292 -10.49051 -10.50452
 -10.51920 -10.53990 -10.55674 -10.57514 -10.60425 -10.63424 -10.67318 -10.72942
 -10.76625 -10.79336 -10.81553 -10.82411 -10.82756 -10.82760 -10.82448 -10.81734
 -10.39721 -10.41277 -10.42798 -10.44865 -10.46503 -10.48207 -10.50567 -10.52464
 -10.54504 -10.57510 -10.60022 -10.62753 -10.66903 -10.70929 -10.75950 -10.83101
 -10.87814 -10.91356 -10.94318 -10.95759 -10.96902 -10.98006 -10.98503 -10.98659
 -10.42808 -10.44486 -10.46137 -10.48404 -10.50224 -10.52136 -10.54816 -10.56976
 -10.59281 -10.62622 -10.65406 -10.68474 -10.73220 -10.77682 -10.82997 -10.90417
 -10.95259 -10.98889 -11.01996 -11.03671 -11.05159 -11.06539 -11.07282 -11.07964
 -10.51902 -10.53654 -10.55403 -10.57843 -10.59816 -10.61886 -10.64761 -10.67059
 -10.69501 -10.73033 -10.75966 -10.79177 -10.84043 -10.88437 -10.93458 -11.00205
 -11.04461 -11.07609 -11.10525 -11.12154 -11.13506 -11.15057 -11.16099 -11.17030
 -10.69009 -10.70700 -10.72396 -10.74800 -10.76771 -10.78848 -10.81721 -10.84000
 -10.86400 -10.89822 -10.92625 -10.95646 -11.00059 -11.03719 -11.07557 -11.12458
 -11.15494 -11.17795 -11.20042 -11.21381 -11.22551 -11.24056 -11.25179 -11.26238
 -10.82496 -10.84158 -10.85819 -10.88128 -10.89994 -10.91960 -10.94709 -10.96918
 -10.99266 -11.02627 -11.05334 -11.08129 -11.11924 -11.14954 -11.18109 -11.22006
 -11.24393 -11.26265 -11.28175 -11.29386 -11.30525 -11.32037 -11.33187 -11.34320
 -10.98480 -11.00141 -11.01804 -11.04058 -11.05825 -11.07650 -11.10165 -11.12176
 -11.14323 -11.17432 -11.19950 -11.22540 -11.25976 -11.28572 -11.31130 -11.34258
 -11.36196 -11.37730 -11.39421 -11.40616 -11.41803 -11.43379 -11.44599 -11.45863
 -11.18399 -11.19883 -11.21375 -11.23460 -11.25140 -11.26887 -11.29276 -11.31161
 -11.33156 -11.36018 -11.38326 -11.40695 -11.43813 -11.46068 -11.48177 -11.50754
 -11.52405 -11.53779 -11.55483 -11.56752 -11.57991 -11.59766 -11.61223 -11.62714
 -11.33393 -11.34796 -11.36204 -11.38193 -11.39811 -11.41496 -11.43788 -11.45585
 -11.47478 -11.50185 -11.52365 -11.54603 -11.57546 -11.59617 -11.61494 -11.63836
 -11.65405 -11.66769 -11.68525 -11.69848 -11.71175 -11.73202 -11.74879 -11.76530
 -11.55339 -11.56610 -11.57899 -11.59776 -11.61337 -11.62967 -11.65157 -11.66842
 -11.68585 -11.71034 -11.73012 -11.75095 -11.77965 -11.79963 -11.81648 -11.83727
 -11.85195 -11.86579 -11.88572 -11.90115 -11.91600 -11.93806 -11.95676 -11.97614
 -11.84210 -11.85466 -11.86714 -11.88415 -11.89772 -11.91208 -11.93252 -11.94899
 -11.96609 -11.98933 -12.00731 -12.02564 -12.05024 -12.06772 -12.08332 -12.10318
 -12.11811 -12.13305 -12.15331 -12.16921 -12.18596 -12.21107 -12.23184 -12.25322
 -12.03588 -12.04767 -12.05955 -12.07632 -12.08990 -12.10394 -12.12277 -12.13734
 -12.15260 -12.17435 -12.19189 -12.20995 -12.23387 -12.25082 -12.26604 -12.28462
 -12.29860 -12.31332 -12.33411 -12.35040 -12.36728 -12.39285 -12.41411 -12.43589
 -12.24366 -12.25414 -12.26485 -12.28079 -12.29419 -12.30811 -12.32640 -12.34024
 -12.35465 -12.37532 -12.39209 -12.40937 -12.43212 -12.44797 -12.46202 -12.47976
 -12.49360 -12.50814 -12.52793 -12.54364 -12.56059 -12.58565 -12.60674 -12.62910
 -12.48234 -12.49225 -12.50224 -12.51695 -12.52934 -12.54240 -12.56006 -12.57368
 -12.58774 -12.60729 -12.62276 -12.63860 -12.65969 -12.67482 -12.68861 -12.70576
 -12.71855 -12.73177 -12.75108 -12.76703 -12.78352 -12.80539 -12.82474 -12.84769
 -12.65319 -12.66237 -12.67168 -12.68594 -12.69829 -12.71132 -12.72864 -12.74162
 -12.75470 -12.77244 -12.78650 -12.80144 -12.82277 -12.83858 -12.85251 -12.86802
 -12.87927 -12.89173 -12.91013 -12.92536 -12.94150 -12.96383 -12.98241 -13.00300
 -12.89497 -12.90327 -12.91194 -12.92564 -12.93760 -12.95007 -12.96608 -12.97782
 -12.98976 -13.00662 -13.02032 -13.03470 -13.05436 -13.06865 -13.08154 -13.09710
 -13.10872 -13.12099 -13.13840 -13.15229 -13.16675 -13.18750 -13.20493 -13.22389
 -13.19761 -13.20574 -13.21403 -13.22656 -13.23723 -13.24838 -13.26305 -13.27408
 -13.28536 -13.30113 -13.31378 -13.32696 -13.34495 -13.35825 -13.37054 -13.38491
 -13.39571 -13.40746 -13.42269 -13.43476 -13.44828 -13.46659 -13.48151 -13.49856
 -13.39192 -13.39958 -13.40738 -13.41904 -13.42887 -13.43911 -13.45260 -13.46279
 -13.47332 -13.48827 -13.50029 -13.51266 -13.52909 -13.54152 -13.55368 -13.56808
 -13.57814 -13.58834 -13.60202 -13.61317 -13.62542 -13.64197 -13.65554 -13.67093
 -13.60704 -13.61453 -13.62214 -13.63324 -13.64245 -13.65205 -13.66485 -13.67464
 -13.68473 -13.69885 -13.71014 -13.72184 -13.73774 -13.74978 -13.76141 -13.77546
 -13.78541 -13.79515 -13.80722 -13.81735 -13.82939 -13.84505 -13.85771 -13.87256
 -13.87117 -13.87867 -13.88628 -13.89738 -13.90659 -13.91618 -13.92899 -13.93877
 -13.94886 -13.96298 -13.97427 -13.98597 -14.00188 -14.01392 -14.02555 -14.03963
 -14.04960 -14.05936 -14.07146 -14.08162 -14.09368 -14.10937 -14.12207 -14.13695
 -10.17241 -10.16851 -10.16397 -10.15724 -10.15174 -10.14564 -10.13508 -10.12393
 -10.11019 -10.09224 -10.08221 -10.07398 -10.05051 -10.01097  -9.96122  -9.93711
  -9.91871  -9.86965  -9.79184  -9.72888  -9.65399  -9.51911  -9.39575  -9.25711
 -10.26045 -10.25655 -10.25202 -10.24528 -10.23978 -10.23369 -10.22313 -10.21198
 -10.19823 -10.18028 -10.17025 -10.16203 -10.13856 -10.09901 -10.04926 -10.02516
 -10.00675  -9.95770  -9.87989  -9.81692  -9.74204  -9.60716  -9.48380  -9.34515
 -10.37138 -10.36748 -10.36294 -10.35621 -10.35071 -10.34461 -10.33405 -10.32290
 -10.30916 -10.29121 -10.28118 -10.27295 -10.24948 -10.20994 -10.16019 -10.13608
 -10.11768 -10.06862  -9.99081  -9.92785  -9.85296  -9.71808  -9.59472  -9.45608
 -10.44444 -10.44054 -10.43601 -10.42927 -10.42377 -10.41768 -10.40712 -10.39597
 -10.38222 -10.36427 -10.35424 -10.34602 -10.32255 -10.28300 -10.23325 -10.20915
 -10.19074 -10.14169 -10.06388 -10.00091  -9.92603  -9.79115  -9.66779  -9.52914
 -10.52189 -10.51799 -10.51346 -10.50672 -10.50122 -10.49513 -10.48457 -10.47342
 -10.45967 -10.44172 -10.43169 -10.42347 -10.40000 -10.36045 -10.31070 -10.28660
 -10.26819 -10.21914 -10.14133 -10.07836 -10.00348  -9.86860  -9.74524  -9.60659
 -10.60994 -10.60604 -10.60150 -10.59477 -10.58927 -10.58317 -10.57261 -10.56146
 -10.54772 -10.52977 -10.51974 -10.51151 -10.48804 -10.44850 -10.39875 -10.37464
 -10.35624 -10.30718 -10.22937 -10.16641 -10.09152  -9.95664  -9.83328  -9.69464
 -10.67241 -10.66851 -10.66397 -10.65724 -10.65174 -10.64564 -10.63508 -10.62393
 -10.61019 -10.59224 -10.58221 -10.57398 -10.55051 -10.51097 -10.46122 -10.43711
 -10.41871 -10.36965 -10.29184 -10.22888 -10.15399 -10.01911  -9.89575  -9.75711
 -10.69976 -10.70041 -10.70105 -10.70118 -10.70021 -10.69803 -10.69340 -10.68872
 -10.68292 -10.67267 -10.66226 -10.64938 -10.62959 -10.61341 -10.59309 -10.54845
 -10.51859 -10.50010 -10.45825 -10.40770 -10.34514 -10.24125 -10.14236 -10.02345
 -10.74727 -10.75708 -10.76494 -10.77325 -10.77893 -10.78448 -10.79085 -10.79427
 -10.79625 -10.79733 -10.79754 -10.79713 -10.79346 -10.78657 -10.77625 -10.76096
 -10.74298 -10.71579 -10.67214 -10.63435 -10.58874 -10.50705 -10.44272 -10.37856
 -10.75968 -10.77638 -10.79033 -10.80578 -10.81654 -10.82721 -10.84079 -10.85028
 -10.85884 -10.86861 -10.87476 -10.87968 -10.88380 -10.88470 -10.88319 -10.87645
 -10.86766 -10.85587 -10.83551 -10.81431 -10.78634 -10.73836 -10.68907 -10.62597
 -10.80099 -10.82258 -10.84087 -10.86152 -10.87615 -10.89084 -10.91002 -10.92399
 -10.93729 -10.95377 -10.96540 -10.97610 -10.98788 -10.99426 -10.99819 -11.00019
 -10.99923 -10.99565 -10.98578 -10.97424 -10.95872 -10.92957 -10.89935 -10.86085
 -10.88473 -10.90913 -10.93026 -10.95464 -10.97210 -10.98965 -11.01276 -11.02985
 -11.04645 -11.06767 -11.08323 -11.09814 -11.11565 -11.12625 -11.13434 -11.14244
 -11.14687 -11.14968 -11.15037 -11.14779 -11.14177 -11.12738 -11.11032 -11.08722
 -10.96367 -10.98892 -11.01060 -11.03553 -11.05348 -11.07171 -11.09585 -11.11374
 -11.13113 -11.15353 -11.17023 -11.18651 -11.20592 -11.21779 -11.22704 -11.23732
 -11.24421 -11.25001 -11.25449 -11.25557 -11.25446 -11.24723 -11.23736 -11.22371
 -11.08331 -11.10712 -11.12758 -11.15116 -11.16821 -11.18557 -11.20851 -11.22536
 -11.24157 -11.26242 -11.27809 -11.29359 -11.31247 -11.32441 -11.33416 -11.34552
 -11.35326 -11.36009 -11.36762 -11.37230 -11.37577 -11.37677 -11.37526 -11.37190
 -11.22749 -11.24688 -11.26336 -11.28228 -11.29613 -11.31043 -11.32942 -11.34326
 -11.35637 -11.37303 -11.38551 -11.39789 -11.41301 -11.42264 -11.43069 -11.44095
 -11.44870 -11.45603 -11.46442 -11.47053 -11.47723 -11.48700 -11.49409 -11.50038
 -11.32510 -11.34161 -11.35557 -11.37151 -11.38315 -11.39518 -11.41112 -11.42268
 -11.43360 -11.44746 -11.45791 -11.46838 -11.48155 -11.49040 -11.49809 -11.50718
 -11.51365 -11.52014 -11.52945 -11.53716 -11.54561 -11.55883 -11.57064 -11.58350
 -11.43725 -11.45117 -11.46300 -11.47648 -11.48621 -11.49615 -11.50939 -11.51922
 -11.52877 -11.54108 -11.55028 -11.55934 -11.57062 -11.57825 -11.58495 -11.59287
 -11.59862 -11.60452 -11.61301 -11.62131 -11.63198 -11.64853 -11.66304 -11.67946
 -11.57547 -11.58661 -11.59575 -11.60613 -11.61405 -11.62268 -11.63442 -11.64288
 -11.65067 -11.66037 -11.66763 -11.67498 -11.68465 -11.69173 -11.69829 -11.70537
 -11.70984 -11.71456 -11.72341 -11.73197 -11.74221 -11.76051 -11.77637 -11.79307
 -11.67057 -11.68015 -11.68795 -11.69679 -11.70363 -11.71115 -11.72122 -11.72816
 -11.73426 -11.74200 -11.74845 -11.75565 -11.76513 -11.77130 -11.77645 -11.78322
 -11.78719 -11.79026 -11.79841 -11.80700 -11.81655 -11.83311 -11.84859 -11.86608
 -11.78011 -11.78751 -11.79381 -11.80097 -11.80608 -11.81125 -11.81810 -11.82321
 -11.82820 -11.83471 -11.83963 -11.84456 -11.85096 -11.85561 -11.85993 -11.86478
 -11.86846 -11.87272 -11.87920 -11.88536 -11.89327 -11.90698 -11.91996 -11.93508
 -11.89658 -11.90112 -11.90474 -11.90876 -11.91185 -11.91529 -11.92005 -11.92354
 -11.92679 -11.93089 -11.93399 -11.93715 -11.94131 -11.94434 -11.94728 -11.95118
 -11.95395 -11.95666 -11.96142 -11.96617 -11.97200 -11.98190 -11.99151 -12.00302
 -11.99211 -11.99566 -11.99856 -12.00180 -12.00419 -12.00674 -12.01020 -12.01276
 -12.01522 -12.01846 -12.02103 -12.02372 -12.02726 -12.02974 -12.03203 -12.03515
 -12.03753 -12.03998 -12.04405 -12.04802 -12.05291 -12.06135 -12.06971 -12.07985
 -12.11877 -12.12159 -12.12401 -12.12679 -12.12879 -12.13081 -12.13347 -12.13542
 -12.13731 -12.13993 -12.14215 -12.14459 -12.14778 -12.14985 -12.15163 -12.15429
 -12.15650 -12.15873 -12.16206 -12.16553 -12.17014 -12.17732 -12.18442 -12.19356
 -12.29008 -12.29247 -12.29436 -12.29646 -12.29814 -12.30004 -12.30266 -12.30446
 -12.30605 -12.30815 -12.31001 -12.31213 -12.31471 -12.31599 -12.31694 -12.31967
 -12.32191 -12.32356 -12.32679 -12.33014 -12.33401 -12.34037 -12.34660 -12.35450
 -12.42661 -12.42891 -12.43061 -12.43237 -12.43372 -12.43529 -12.43748 -12.43905
 -12.44051 -12.44248 -12.44421 -12.44613 -12.44834 -12.44925 -12.44987 -12.45256
 -12.45474 -12.45621 -12.45997 -12.46300 -12.46548 -12.47149 -12.47778 -12.48490
 -12.63279 -12.63488 -12.63674 -12.63877 -12.63997 -12.64096 -12.64229 -12.64360
 -12.64527 -12.64756 -12.64900 -12.65007 -12.65146 -12.65292 -12.65479 -12.65716
 -12.65895 -12.66093 -12.66358 -12.66561 -12.66826 -12.67473 -12.68066 -12.68652
 -12.92083 -12.92257 -12.92384 -12.92513 -12.92616 -12.92739 -12.92916 -12.93045
 -12.93164 -12.93319 -12.93447 -12.93591 -12.93798 -12.93962 -12.94118 -12.94277
 -12.94410 -12.94591 -12.94858 -12.95094 -12.95381 -12.95859 -12.96347 -12.96973
 -13.12569 -13.12723 -13.12851 -13.12995 -13.13103 -13.13219 -13.13381 -13.13503
 -13.13623 -13.13784 -13.13911 -13.14046 -13.14238 -13.14395 -13.14556 -13.14756
 -13.14888 -13.15024 -13.15291 -13.15534 -13.15794 -13.16255 -13.16730 -13.17320
 -13.34423 -13.34567 -13.34707 -13.34884 -13.35009 -13.35129 -13.35285 -13.35404
 -13.35526 -13.35685 -13.35798 -13.35905 -13.36055 -13.36188 -13.36347 -13.36596
 -13.36757 -13.36881 -13.37111 -13.37343 -13.37605 -13.38017 -13.38440 -13.39009
 -13.60277 -13.60437 -13.60571 -13.60723 -13.60834 -13.60951 -13.61117 -13.61253
 -13.61392 -13.61558 -13.61652 -13.61719 -13.61820 -13.61953 -13.62135 -13.62355
 -13.62523 -13.62706 -13.62912 -13.63109 -13.63387 -13.63790 -13.64190 -13.64751
 -10.04828 -10.04658 -10.03788 -10.01204  -9.98897  -9.97128  -9.96328  -9.95959
  -9.94686  -9.90450  -9.85788  -9.80561  -9.73477  -9.67572  -9.60645  -9.49126
  -9.38220  -9.25668  -9.06863  -8.89479  -8.69851  -8.41477  -8.13793  -7.84729
 -10.18187 -10.18008 -10.17219 -10.14942 -10.12910 -10.11325 -10.10523 -10.10094
 -10.08863 -10.05000 -10.00790  -9.96060  -9.89599  -9.84197  -9.77874  -9.67402
  -9.57468  -9.45986  -9.28711  -9.12797  -8.94840  -8.68820  -8.43602  -8.16932
 -10.35017 -10.34826 -10.34141 -10.32250 -10.30563 -10.29212 -10.28408 -10.27902
 -10.26724 -10.23331 -10.19690 -10.15586 -10.09911 -10.05142  -9.99582  -9.90427
  -9.81719  -9.71585  -9.56238  -9.42175  -9.26324  -9.03268  -8.81157  -8.57504
 -10.46103 -10.45905 -10.45287 -10.43651 -10.42191 -10.40994 -10.40188 -10.39632
 -10.38489 -10.35406 -10.32140 -10.28448 -10.23291 -10.18939 -10.13880 -10.05594
  -9.97693  -9.88446  -9.74369  -9.61526  -9.47061  -9.25958  -9.05894  -8.84229
 -10.57855 -10.57648 -10.57102 -10.55736 -10.54517 -10.53482 -10.52676 -10.52066
 -10.50960 -10.48205 -10.45336 -10.42082 -10.37473 -10.33563 -10.29037 -10.21671
 -10.14626 -10.06320  -9.93588  -9.82038  -9.69044  -9.50010  -9.32115  -9.12557
 -10.71213 -10.70998 -10.70533 -10.69473 -10.68529 -10.67680 -10.66871 -10.66201
 -10.65137 -10.62755 -10.60338 -10.57580 -10.53596 -10.50188 -10.46266 -10.39947
 -10.33875 -10.26638 -10.15437 -10.05355  -9.94033  -9.77353  -9.61924  -9.44761
 -10.80692 -10.80470 -10.80063 -10.79221 -10.78471 -10.77753 -10.76943 -10.76231
 -10.75196 -10.73079 -10.70982 -10.68577 -10.65035 -10.61984 -10.58491 -10.52914
 -10.47532 -10.41055 -10.30939 -10.21900 -10.11764  -9.96753  -9.83074  -9.67610
 -10.94041 -10.93810 -10.93484 -10.92948 -10.92472 -10.91939 -10.91128 -10.90355
 -10.89363 -10.87618 -10.85973 -10.84064 -10.81145 -10.78596 -10.75708 -10.71175
 -10.66765 -10.61357 -10.52770 -10.45199 -10.36733 -10.24074 -10.12855  -9.99785
 -11.08451 -11.08221 -11.07942 -11.07570 -11.07260 -11.06884 -11.06226 -11.05566
 -11.04733 -11.03328 -11.02039 -11.00564 -10.98322 -10.96346 -10.94068 -10.90449
 -10.87025 -10.82809 -10.75873 -10.69793 -10.63128 -10.53117 -10.43612 -10.33385
 -11.19493 -11.19352 -11.19156 -11.18841 -11.18563 -11.18246 -11.17753 -11.17279
 -11.16673 -11.15618 -11.14625 -11.13473 -11.11705 -11.10152 -11.08381 -11.05589
 -11.02879 -10.99529 -10.94089 -10.89198 -10.83752 -10.75688 -10.68165 -10.59823
 -11.31470 -11.31370 -11.31243 -11.31059 -11.30894 -11.30690 -11.30334 -11.29989
 -11.29568 -11.28881 -11.28242 -11.27480 -11.26261 -11.25172 -11.23938 -11.22000
 -11.20059 -11.17644 -11.13795 -11.10295 -11.06284 -11.00246 -10.94923 -10.88545
 -11.44242 -11.44184 -11.44101 -11.43963 -11.43842 -11.43712 -11.43524 -11.43346
 -11.43111 -11.42681 -11.42260 -11.41756 -11.40956 -11.40234 -11.39395 -11.38063
 -11.36801 -11.35225 -11.32562 -11.30187 -11.27486 -11.23235 -11.19346 -11.14770
 -11.53889 -11.53876 -11.53834 -11.53719 -11.53605 -11.53491 -11.53360 -11.53246
 -11.53086 -11.52766 -11.52443 -11.52062 -11.51475 -11.50952 -11.50345 -11.49372
 -11.48440 -11.47267 -11.45282 -11.43513 -11.41490 -11.38253 -11.35239 -11.31675
 -11.67329 -11.67333 -11.67328 -11.67298 -11.67255 -11.67196 -11.67090 -11.66981
 -11.66839 -11.66595 -11.66382 -11.66159 -11.65857 -11.65577 -11.65206 -11.64523
 -11.63871 -11.63102 -11.61868 -11.60726 -11.59390 -11.57294 -11.55312 -11.52909
 -11.83216 -11.83216 -11.83216 -11.83220 -11.83223 -11.83225 -11.83222 -11.83208
 -11.83176 -11.83097 -11.82999 -11.82860 -11.82610 -11.82392 -11.82173 -11.81875
 -11.81539 -11.81133 -11.80575 -11.79909 -11.79087 -11.78035 -11.77007 -11.75655
 -11.94140 -11.94142 -11.94139 -11.94129 -11.94126 -11.94139 -11.94183 -11.94200
 -11.94167 -11.94014 -11.93865 -11.93744 -11.93680 -11.93641 -11.93539 -11.93239
 -11.92949 -11.92652 -11.92268 -11.91939 -11.91529 -11.90789 -11.90031 -11.89148
 -12.03545 -12.03547 -12.03543 -12.03528 -12.03516 -12.03513 -12.03528 -12.03534
 -12.03513 -12.03428 -12.03351 -12.03298 -12.03294 -12.03290 -12.03227 -12.03020
 -12.02879 -12.02749 -12.02497 -12.02313 -12.02110 -12.01672 -12.01231 -12.00740
 -12.03547 -12.03548 -12.03545 -12.03528 -12.03512 -12.03497 -12.03489 -12.03491
 -12.03498 -12.03510 -12.03515 -12.03507 -12.03474 -12.03444 -12.03424 -12.03419
 -12.03407 -12.03385 -12.03356 -12.03295 -12.03210 -12.03114 -12.03033 -12.02934
 -11.95503 -11.95497 -11.95509 -11.95570 -11.95630 -11.95677 -11.95697 -11.95689
 -11.95676 -11.95670 -11.95670 -11.95670 -11.95663 -11.95652 -11.95637 -11.95627
 -11.95682 -11.95755 -11.95785 -11.95838 -11.95921 -11.95989 -11.96031 -11.96118
 -11.81271 -11.81263 -11.81280 -11.81361 -11.81442 -11.81508 -11.81541 -11.81535
 -11.81518 -11.81500 -11.81499 -11.81514 -11.81558 -11.81584 -11.81577 -11.81549
 -11.81693 -11.81875 -11.81860 -11.81928 -11.82148 -11.82482 -11.82674 -11.82886
 -11.73244 -11.73238 -11.73251 -11.73316 -11.73378 -11.73427 -11.73443 -11.73426
 -11.73399 -11.73368 -11.73368 -11.73405 -11.73516 -11.73604 -11.73651 -11.73639
 -11.73719 -11.73875 -11.74057 -11.74189 -11.74327 -11.74539 -11.74835 -11.75292
 -11.75712 -11.75711 -11.75715 -11.75739 -11.75776 -11.75834 -11.75941 -11.76014
 -11.76050 -11.76018 -11.75981 -11.75987 -11.76107 -11.76223 -11.76289 -11.76277
 -11.76377 -11.76531 -11.76585 -11.76656 -11.76832 -11.77189 -11.77499 -11.77882
 -11.84220 -11.84220 -11.84217 -11.84208 -11.84202 -11.84201 -11.84218 -11.84247
 -11.84293 -11.84381 -11.84456 -11.84528 -11.84599 -11.84623 -11.84612 -11.84584
 -11.84708 -11.84915 -11.85100 -11.85249 -11.85448 -11.85778 -11.86116 -11.86488
 -11.98672 -11.98688 -11.98702 -11.98709 -11.98706 -11.98700 -11.98690 -11.98691
 -11.98709 -11.98767 -11.98825 -11.98882 -11.98940 -11.98975 -11.99005 -11.99054
 -11.99127 -11.99253 -11.99494 -11.99666 -11.99833 -12.00139 -12.00467 -12.00867
 -12.11155 -12.11168 -12.11181 -12.11194 -12.11203 -12.11216 -12.11241 -12.11260
 -12.11273 -12.11278 -12.11284 -12.11303 -12.11365 -12.11436 -12.11524 -12.11645
 -12.11700 -12.11750 -12.11896 -12.12047 -12.12237 -12.12580 -12.12867 -12.13223
 -12.31155 -12.31154 -12.31160 -12.31186 -12.31210 -12.31227 -12.31226 -12.31219
 -12.31220 -12.31246 -12.31278 -12.31309 -12.31345 -12.31385 -12.31456 -12.31591
 -12.31643 -12.31694 -12.31906 -12.32090 -12.32259 -12.32516 -12.32807 -12.33186
 -12.58979 -12.58963 -12.58951 -12.58947 -12.58948 -12.58945 -12.58929 -12.58925
 -12.58944 -12.59020 -12.59089 -12.59139 -12.59150 -12.59148 -12.59171 -12.59285
 -12.59422 -12.59525 -12.59532 -12.59662 -12.59925 -12.60268 -12.60482 -12.60745
 -12.77682 -12.77780 -12.77869 -12.77912 -12.77902 -12.77877 -12.77852 -12.77849
 -12.77866 -12.77918 -12.77949 -12.77941 -12.77858 -12.77821 -12.77893 -12.78173
 -12.78263 -12.78275 -12.78447 -12.78538 -12.78607 -12.78871 -12.79171 -12.79517
 -12.97917 -12.97962 -12.98001 -12.98017 -12.98011 -12.98003 -12.98006 -12.98017
 -12.98031 -12.98047 -12.98056 -12.98059 -12.98060 -12.98083 -12.98150 -12.98299
 -12.98362 -12.98415 -12.98597 -12.98693 -12.98774 -12.99035 -12.99310 -12.99625
 -13.20183 -13.20178 -13.20171 -13.20161 -13.20160 -13.20169 -13.20201 -13.20228
 -13.20247 -13.20248 -13.20245 -13.20255 -13.20306 -13.20361 -13.20416 -13.20476
 -13.20522 -13.20581 -13.20695 -13.20824 -13.20977 -13.21187 -13.21366 -13.21620
  -9.88482  -9.89611  -9.90459  -9.86270  -9.81734  -9.77338  -9.73263  -9.72298
  -9.72581  -9.73393  -9.73304  -9.71993  -9.67557  -9.62053  -9.56530  -9.52930
  -9.53161  -9.46820  -9.27016  -9.12248  -8.98704  -8.78854  -8.59153  -8.36334
  -9.99430 -10.00352 -10.01061  -9.97384  -9.93357  -9.89429  -9.85752  -9.84838
  -9.85028  -9.85673  -9.85543  -9.84319  -9.80253  -9.75223  -9.70155  -9.66746
  -9.66808  -9.61006  -9.43110  -9.29688  -9.17325  -8.99159  -8.81096  -8.60190
 -10.13202 -10.13881 -10.14404 -10.11351 -10.07953 -10.04604 -10.01418 -10.00567
 -10.00642 -10.01080 -10.00900  -9.99781  -9.96169  -9.91719  -9.87207  -9.84032
  -9.83888  -9.78755  -9.63218  -9.51467  -9.40570  -9.24501  -9.08484  -8.89973
 -10.22263 -10.22791 -10.23185 -10.20528 -10.17537 -10.14562 -10.11694 -10.10883
 -10.10884 -10.11188 -10.10974 -10.09922 -10.06600 -10.02520  -9.98363  -9.95338
  -9.95063  -9.90361  -9.76343  -9.65670  -9.55721  -9.41005  -9.26315  -9.09359
 -10.31857 -10.32235 -10.32485 -10.30236 -10.27669 -10.25083 -10.22545 -10.21776
 -10.21699 -10.21865 -10.21615 -10.20631 -10.17608 -10.13909 -10.10116 -10.07245
 -10.06838 -10.02584  -9.90138  -9.80581  -9.71611  -9.58296  -9.44980  -9.29635
 -10.42751 -10.42969 -10.43048 -10.41246 -10.39152 -10.36998 -10.34826 -10.34104
 -10.33941 -10.33951 -10.33662 -10.32752 -10.30057 -10.26776 -10.23381 -10.20678
 -10.20128 -10.16368 -10.05652  -9.97321  -9.89425  -9.77638  -9.65825  -9.52237
 -10.50472 -10.50584 -10.50537 -10.49041 -10.47275 -10.45421 -10.43503 -10.42813
 -10.42591 -10.42493 -10.42175 -10.41316 -10.38846 -10.35849 -10.32726 -10.30138
 -10.29491 -10.26072 -10.16538 -10.09044 -10.01877  -9.91121  -9.80319  -9.67908
 -10.61345 -10.61315 -10.61082 -10.60001 -10.58688 -10.57248 -10.55677 -10.55031
 -10.54727 -10.54481 -10.54124 -10.53333 -10.51166 -10.48555 -10.45796 -10.43361
 -10.42587 -10.39631 -10.31693 -10.25318 -10.19119 -10.09718 -10.00238  -9.89344
 -10.75596 -10.75344 -10.74739 -10.73610 -10.72671 -10.71771 -10.70797 -10.70304
 -10.69941 -10.69464 -10.68968 -10.68302 -10.67120 -10.65951 -10.64505 -10.62193
 -10.60028 -10.57317 -10.52384 -10.47440 -10.42338 -10.34875 -10.27370 -10.18733
 -10.86136 -10.85702 -10.84745 -10.83273 -10.82377 -10.81714 -10.81138 -10.80879
 -10.80709 -10.80511 -10.80285 -10.79866 -10.78801 -10.77533 -10.76109 -10.74507
 -10.73517 -10.71435 -10.66433 -10.61855 -10.57440 -10.51200 -10.44922 -10.38102
 -10.94675 -10.94572 -10.94327 -10.93881 -10.93515 -10.93158 -10.92743 -10.92492
 -10.92273 -10.91974 -10.91691 -10.91283 -10.90422 -10.89479 -10.88419 -10.87126
 -10.86228 -10.84637 -10.81208 -10.78174 -10.74990 -10.70168 -10.65524 -10.60103
 -11.06060 -11.06029 -11.05961 -11.05863 -11.05808 -11.05756 -11.05657 -11.05536
 -11.05365 -11.05054 -11.04748 -11.04378 -11.03793 -11.03272 -11.02670 -11.01723
 -11.00855 -10.99768 -10.97869 -10.96039 -10.93934 -10.90584 -10.87407 -10.83787
 -11.15058 -11.15037 -11.14990 -11.14914 -11.14863 -11.14811 -11.14730 -11.14647
 -11.14536 -11.14326 -11.14110 -11.13841 -11.13398 -11.12998 -11.12545 -11.11878
 -11.11292 -11.10493 -11.09050 -11.07731 -11.06171 -11.03648 -11.01342 -10.98613
 -11.27894 -11.27891 -11.27885 -11.27869 -11.27848 -11.27817 -11.27749 -11.27675
 -11.27582 -11.27436 -11.27309 -11.27154 -11.26879 -11.26604 -11.26286 -11.25828
 -11.25455 -11.24983 -11.24124 -11.23276 -11.22230 -11.20573 -11.19135 -11.17357
 -11.44355 -11.44357 -11.44356 -11.44339 -11.44310 -11.44269 -11.44210 -11.44166
 -11.44121 -11.44057 -11.43998 -11.43920 -11.43769 -11.43613 -11.43438 -11.43216
 -11.43052 -11.42769 -11.42223 -11.41796 -11.41239 -11.40260 -11.39419 -11.38417
 -11.55554 -11.55553 -11.55552 -11.55555 -11.55561 -11.55561 -11.55539 -11.55497
 -11.55442 -11.55368 -11.55321 -11.55272 -11.55179 -11.55077 -11.54957 -11.54795
 -11.54678 -11.54525 -11.54209 -11.53867 -11.53458 -11.52867 -11.52380 -11.51698
 -11.67661 -11.67671 -11.67689 -11.67713 -11.67722 -11.67725 -11.67733 -11.67744
 -11.67750 -11.67725 -11.67670 -11.67590 -11.67466 -11.67374 -11.67296 -11.67238
 -11.67217 -11.67126 -11.66897 -11.66727 -11.66496 -11.66057 -11.65673 -11.65266
 -11.80076 -11.79981 -11.79779 -11.79494 -11.79352 -11.79261 -11.79160 -11.79065
 -11.78970 -11.78886 -11.78876 -11.78886 -11.78872 -11.78809 -11.78721 -11.78618
 -11.78585 -11.78603 -11.78587 -11.78432 -11.78264 -11.78084 -11.77901 -11.77658
 -11.83892 -11.83848 -11.83740 -11.83527 -11.83337 -11.83149 -11.82951 -11.82861
 -11.82804 -11.82728 -11.82642 -11.82549 -11.82459 -11.82439 -11.82442 -11.82436
 -11.82407 -11.82399 -11.82399 -11.82358 -11.82409 -11.82562 -11.82538 -11.82399
 -11.83456 -11.83451 -11.83439 -11.83416 -11.83385 -11.83288 -11.82961 -11.82524
 -11.82033 -11.81536 -11.81404 -11.81419 -11.81486 -11.81469 -11.81432 -11.81465
 -11.81590 -11.81670 -11.81676 -11.81750 -11.82033 -11.82501 -11.82583 -11.82612
 -11.79032 -11.79035 -11.79039 -11.79030 -11.79010 -11.79000 -11.79047 -11.79147
 -11.79271 -11.79398 -11.79425 -11.79416 -11.79406 -11.79441 -11.79526 -11.79730
 -11.79922 -11.79971 -11.80030 -11.80399 -11.80671 -11.80912 -11.81450 -11.82034
 -11.82391 -11.82389 -11.82387 -11.82391 -11.82402 -11.82414 -11.82419 -11.82408
 -11.82399 -11.82419 -11.82474 -11.82562 -11.82716 -11.82846 -11.82959 -11.83029
 -11.83016 -11.83071 -11.83375 -11.83764 -11.84160 -11.84639 -11.85038 -11.85466
 -11.90330 -11.90334 -11.90340 -11.90330 -11.90306 -11.90290 -11.90332 -11.90435
 -11.90566 -11.90705 -11.90743 -11.90746 -11.90758 -11.90811 -11.90899 -11.91047
 -11.91171 -11.91306 -11.91549 -11.91829 -11.92171 -11.92709 -11.93204 -11.93779
 -12.04405 -12.04406 -12.04410 -12.04420 -12.04433 -12.04447 -12.04461 -12.04467
 -12.04473 -12.04491 -12.04520 -12.04567 -12.04667 -12.04772 -12.04888 -12.05030
 -12.05126 -12.05284 -12.05580 -12.05805 -12.06107 -12.06680 -12.07207 -12.07796
 -12.16481 -12.16494 -12.16520 -12.16552 -12.16561 -12.16559 -12.16550 -12.16546
 -12.16555 -12.16599 -12.16663 -12.16745 -12.16858 -12.16937 -12.17017 -12.17144
 -12.17264 -12.17394 -12.17632 -12.17918 -12.18246 -12.18750 -12.19261 -12.19880
 -12.35869 -12.35852 -12.35819 -12.35779 -12.35770 -12.35779 -12.35805 -12.35830
 -12.35865 -12.35938 -12.36018 -12.36104 -12.36201 -12.36249 -12.36301 -12.36435
 -12.36603 -12.36749 -12.36945 -12.37213 -12.37542 -12.38045 -12.38532 -12.39155
 -12.64710 -12.64726 -12.64744 -12.64711 -12.64606 -12.64440 -12.64153 -12.63907
 -12.63659 -12.63361 -12.63183 -12.63063 -12.63021 -12.63086 -12.63210 -12.63409
 -12.63546 -12.63645 -12.63802 -12.64042 -12.64328 -12.64798 -12.65307 -12.65845
 -12.83730 -12.83714 -12.83697 -12.83734 -12.83824 -12.83880 -12.83716 -12.83327
 -12.82824 -12.82249 -12.82036 -12.81980 -12.82014 -12.82046 -12.82107 -12.82312
 -12.82550 -12.82608 -12.82631 -12.83026 -12.83335 -12.83607 -12.84175 -12.84784
 -13.04910 -13.04896 -13.04880 -13.04911 -13.04991 -13.05040 -13.04896 -13.04549
 -13.04092 -13.03536 -13.03286 -13.03169 -13.03142 -13.03169 -13.03236 -13.03400
 -13.03574 -13.03722 -13.03888 -13.04082 -13.04341 -13.04784 -13.05208 -13.05705
 -13.29562 -13.29550 -13.29532 -13.29541 -13.29583 -13.29596 -13.29446 -13.29146
 -13.28756 -13.28269 -13.28023 -13.27887 -13.27835 -13.27866 -13.27938 -13.28064
 -13.28169 -13.28304 -13.28536 -13.28738 -13.28976 -13.29377 -13.29767 -13.30255
  -9.63793  -9.63793  -9.63304  -9.61742  -9.60502  -9.59649  -9.59022  -9.58730
  -9.58400  -9.57411  -9.55841  -9.53316  -9.48849  -9.44986  -9.40948  -9.35133
  -9.30123  -9.24262  -9.13972  -9.03653  -8.91038  -8.71256  -8.53820  -8.33611
  -9.75203  -9.75203  -9.74770  -9.73382  -9.72274  -9.71500  -9.70908  -9.70612
  -9.70272  -9.69320  -9.67863  -9.65551  -9.61474  -9.57941  -9.54229  -9.48859
  -9.44221  -9.38795  -9.29286  -9.19768  -9.08139  -8.89886  -8.73785  -8.55135
  -9.89578  -9.89578  -9.89214  -9.88046  -9.87105  -9.86432  -9.85884  -9.85581
  -9.85229  -9.84324  -9.83009  -9.80966  -9.77381  -9.74263  -9.70962  -9.66152
  -9.61984  -9.57105  -9.48581  -9.40070  -9.29684  -9.13357  -8.98938  -8.82251
  -9.99046  -9.99046  -9.98729  -9.97706  -9.96874  -9.96267  -9.95748  -9.95441
  -9.95081  -9.94207  -9.92986  -9.91119  -9.87859  -9.85014  -9.81983  -9.77543
  -9.73684  -9.69166  -9.61289  -9.53443  -9.43876  -9.28817  -9.15506  -9.00112
 -10.09082 -10.09082 -10.08815 -10.07945 -10.07229 -10.06693 -10.06204 -10.05892
 -10.05524 -10.04684 -10.03561 -10.01882  -9.98965  -9.96410  -9.93666  -9.89617
  -9.86086  -9.81950  -9.74761  -9.67619  -9.58920  -9.45205  -9.33069  -9.19046
 -10.20492 -10.20492 -10.20280 -10.19585 -10.19001 -10.18545 -10.18090 -10.17774
 -10.17396 -10.16593 -10.15583 -10.14117 -10.11591 -10.09366 -10.06948 -10.03343
 -10.00184  -9.96484  -9.90075  -9.83734  -9.76021  -9.63835  -9.53034  -9.40569
 -10.28587 -10.28587 -10.28415 -10.27843 -10.27354 -10.26954 -10.26524 -10.26204
 -10.25820 -10.25043 -10.24112 -10.22798 -10.20549 -10.18558 -10.16371 -10.13082
 -10.10188 -10.06796 -10.00941  -9.95167  -9.88155  -9.77053  -9.67199  -9.55840
 -10.39997 -10.39997 -10.39880 -10.39483 -10.39126 -10.38805 -10.38410 -10.38086
 -10.37692 -10.36952 -10.36134 -10.35033 -10.33175 -10.31513 -10.29652 -10.26808
 -10.24286 -10.21329 -10.16256 -10.11282 -10.05256  -9.95683  -9.87164  -9.77364
 -10.54376 -10.54376 -10.54328 -10.54147 -10.53953 -10.53732 -10.53381 -10.53052
 -10.52648 -10.51958 -10.51283 -10.50449 -10.49080 -10.47830 -10.46380 -10.44098
 -10.42048 -10.39640 -10.35552 -10.31586 -10.26801 -10.19154 -10.12318 -10.04481
 -10.63976 -10.63976 -10.63934 -10.63774 -10.63601 -10.63404 -10.63098 -10.62819
 -10.62486 -10.61917 -10.61352 -10.60644 -10.59485 -10.58442 -10.57253 -10.55396
 -10.53721 -10.51738 -10.48337 -10.45010 -10.40980 -10.34591 -10.28906 -10.22363
 -10.74071 -10.74071 -10.74017 -10.73838 -10.73686 -10.73558 -10.73386 -10.73204
 -10.72942 -10.72463 -10.72000 -10.71449 -10.70570 -10.69776 -10.68857 -10.67406
 -10.66093 -10.64543 -10.61901 -10.59288 -10.56068 -10.51005 -10.46534 -10.41342
 -10.85571 -10.85571 -10.85524 -10.85375 -10.85259 -10.85180 -10.85083 -10.84962
 -10.84764 -10.84401 -10.84076 -10.83719 -10.83164 -10.82645 -10.82013 -10.80993
 -10.80076 -10.79005 -10.77155 -10.75324 -10.73102 -10.69596 -10.66477 -10.62847
 -10.93964 -10.93964 -10.93924 -10.93790 -10.93672 -10.93569 -10.93448 -10.93348
 -10.93228 -10.93024 -10.92829 -10.92587 -10.92169 -10.91752 -10.91235 -10.90439
 -10.89790 -10.89091 -10.87788 -10.86392 -10.84670 -10.82077 -10.79803 -10.77059
 -11.05809 -11.05809 -11.05799 -11.05761 -11.05722 -11.05680 -11.05612 -11.05541
 -11.05450 -11.05312 -11.05209 -11.05108 -11.04915 -11.04661 -11.04282 -11.03671
 -11.03212 -11.02787 -11.02029 -11.01144 -10.99955 -10.98195 -10.96663 -10.94742
 -11.21138 -11.21138 -11.21135 -11.21120 -11.21102 -11.21077 -11.21036 -11.21002
 -11.20965 -11.20902 -11.20832 -11.20736 -11.20565 -11.20401 -11.20207 -11.19920
 -11.19693 -11.19448 -11.18944 -11.18420 -11.17834 -11.16851 -11.15921 -11.14847
 -11.31437 -11.31437 -11.31441 -11.31448 -11.31444 -11.31427 -11.31388 -11.31351
 -11.31312 -11.31255 -11.31206 -11.31149 -11.31049 -11.30946 -11.30814 -11.30610
 -11.30449 -11.30281 -11.29951 -11.29587 -11.29143 -11.28486 -11.27878 -11.27084
 -11.42571 -11.42571 -11.42573 -11.42576 -11.42571 -11.42553 -11.42521 -11.42499
 -11.42484 -11.42465 -11.42439 -11.42397 -11.42326 -11.42271 -11.42220 -11.42125
 -11.42004 -11.41831 -11.41613 -11.41414 -11.41093 -11.40593 -11.40185 -11.39698
 -11.55550 -11.55550 -11.55549 -11.55546 -11.55544 -11.55543 -11.55545 -11.55551
 -11.55559 -11.55565 -11.55556 -11.55530 -11.55465 -11.55392 -11.55301 -11.55193
 -11.55155 -11.55152 -11.55000 -11.54790 -11.54624 -11.54355 -11.54087 -11.53793
 -11.64860 -11.64860 -11.64865 -11.64880 -11.64888 -11.64889 -11.64885 -11.64885
 -11.64889 -11.64893 -11.64882 -11.64854 -11.64799 -11.64756 -11.64720 -11.64682
 -11.64660 -11.64632 -11.64493 -11.64342 -11.64232 -11.64090 -11.63916 -11.63653
 -11.78383 -11.78383 -11.78361 -11.78297 -11.78253 -11.78236 -11.78243 -11.78255
 -11.78261 -11.78261 -11.78256 -11.78252 -11.78260 -11.78290 -11.78340 -11.78372
 -11.78306 -11.78156 -11.78113 -11.78159 -11.78072 -11.77828 -11.77681 -11.77626
 -11.96188 -11.96188 -11.96153 -11.96047 -11.95975 -11.95945 -11.95954 -11.95972
 -11.95981 -11.95979 -11.95972 -11.95962 -11.95949 -11.95943 -11.95941 -11.95943
 -11.95947 -11.95948 -11.95922 -11.95908 -11.95922 -11.95808 -11.95683 -11.95670
 -12.08111 -12.08111 -12.08118 -12.08140 -12.08156 -12.08164 -12.08166 -12.08166
 -12.08167 -12.08168 -12.08166 -12.08157 -12.08143 -12.08134 -12.08129 -12.08120
 -12.08105 -12.08081 -12.08054 -12.08036 -12.08009 -12.07995 -12.07977 -12.07916
 -12.21470 -12.21470 -12.21469 -12.21464 -12.21456 -12.21443 -12.21425 -12.21414
 -12.21408 -12.21409 -12.21414 -12.21421 -12.21426 -12.21421 -12.21405 -12.21380
 -12.21370 -12.21375 -12.21382 -12.21386 -12.21397 -12.21376 -12.21342 -12.21323
 -12.37136 -12.37136 -12.37138 -12.37141 -12.37138 -12.37125 -12.37103 -12.37090
 -12.37085 -12.37087 -12.37090 -12.37090 -12.37088 -12.37089 -12.37091 -12.37097
 -12.37099 -12.37098 -12.37097 -12.37096 -12.37095 -12.37096 -12.37101 -12.37108
 -12.48653 -12.48653 -12.48652 -12.48650 -12.48652 -12.48656 -12.48665 -12.48670
 -12.48671 -12.48670 -12.48670 -12.48671 -12.48673 -12.48670 -12.48663 -12.48651
 -12.48645 -12.48644 -12.48645 -12.48646 -12.48646 -12.48646 -12.48643 -12.48641
 -12.65691 -12.65691 -12.65692 -12.65692 -12.65692 -12.65690 -12.65686 -12.65686
 -12.65687 -12.65688 -12.65686 -12.65678 -12.65674 -12.65685 -12.65716 -12.65766
 -12.65791 -12.65794 -12.65791 -12.65792 -12.65792 -12.65792 -12.65793 -12.65794
 -12.87725 -12.87725 -12.87725 -12.87725 -12.87725 -12.87724 -12.87724 -12.87726
 -12.87729 -12.87731 -12.87726 -12.87713 -12.87706 -12.87726 -12.87777 -12.87859
 -12.87897 -12.87898 -12.87889 -12.87891 -12.87892 -12.87892 -12.87891 -12.87890
 -13.02354 -13.02354 -13.02354 -13.02354 -13.02354 -13.02354 -13.02354 -13.02354
 -13.02353 -13.02352 -13.02354 -13.02358 -13.02360 -13.02354 -13.02338 -13.02318
 -13.02317 -13.02335 -13.02347 -13.02344 -13.02343 -13.02345 -13.02343 -13.02339
 -13.17654 -13.17654 -13.17654 -13.17654 -13.17654 -13.17654 -13.17654 -13.17654
 -13.17654 -13.17653 -13.17654 -13.17655 -13.17656 -13.17654 -13.17649 -13.17650
 -13.17665 -13.17695 -13.17714 -13.17709 -13.17707 -13.17713 -13.17713 -13.17705
 -13.35367 -13.35367 -13.35367 -13.35367 -13.35367 -13.35367 -13.35367 -13.35367
 -13.35367 -13.35367 -13.35367 -13.35367 -13.35367 -13.35367 -13.35367 -13.35367
 -13.35365 -13.35362 -13.35360 -13.35361 -13.35362 -13.35356 -13.35347 -13.35345
C-------------------------------------------------------------------------------
C
C     RATE COEFFICIENTS IN UNITS OF CM**3 S-1 
C     --------------------------------------- 
C
C     INPUT DATA
C         FOR YEAR: 96 AND WITH PREFIX: pj
C         FOR ne RECOMBINING ION CHARGE(S)  1 TO 10
C
C     CODE     : ADAS404
C     PRODUCER : Martin O'Mullane              
C     DATE     : 11/06/14
C
C-------------------------------------------------------------------------------
C
C  Re-run for 0 and +1 stages since some parents were mis-identified in the
C  projection mapping. For Ne+1 the effect is small as it was due to the
C  4th parent. For neutral the effect on the final adf11 file is significant.
C
C  PRODUCER : Martin O'Mullane              
C  DATE     : 11.06.2014
C
C-------------------------------------------------------------------------------

C-----------------------------------------------------------------------
C                               OPEN-ADAS
C                               +++++++++
C
C This file has been downloaded from OPEN-ADAS (http://open.adas.ac.uk)
C on 23-Apr-2020.
C
C TERMS AND CONDITIONS
C --------------------
C
C The user of the OPEN-ADAS system and data (hereinafter "the User")
C accepts the following terms and conditions:
C
C   1. The University of Strathclyde uses all reasonable endeavours to
C      ensure the accuracy of the data provided and any information
C      given, but the University makes no warranty, expressed or implied
C      as to its accuracy, integrity, fitness for purpose and shall not
C      be responsible for the use to which the data is put by the User
C      and/or any consequences arising out of any inaccuracies or
C      omissions.
C
C   2. Any downloaded OPEN-ADAS file is made available for the
C      personal use of the User only.  It must not be used for any
C      commercial application, incorporated into any web site or in
C      any form re-distributed without express prior written permission
C      from the ADAS Project. In particular, but not by way of
C      limitation, it must not be:
C        *  inserted into a managed database structure,
C        *  redistributed along with a modelling or analysis code,
C        *  made available on a public website.
C
C Permission for OPEN-ADAS data incorporation in non-commercial
C code/system development for scientific advance will not be
C unreasonably withheld, but will be subject to written agreement
C on a case by case basis.
C
C The User will indemnify the University of Strathclyde and keep it
C fully and effectively indemnified against each and every claim made
C against the University as a result of the User's use of the data.
C
C-----------------------------------------------------------------------
