    6   24   30
   7.69897   8.00000   8.30103   8.69897   9.00000   9.30103   9.69897  10.00000
  10.30103  10.69897  11.00000  11.30103  11.69897  12.00000  12.30103  12.69897
  13.00000  13.30103  13.69897  14.00000  14.30103  14.69897  15.00000  15.30103
   -.69877   -.52268   -.30083   -.15470    .00020    .17629    .30123    .47732
    .69917    .84530   1.00020   1.17629   1.30123   1.47732   1.69917   1.84530
   2.00020   2.17629   2.30123   2.47732   2.69917   2.84530   3.00020   3.17629
   3.30123   3.47732   3.69917   3.84530   4.00020   4.17629
 -11.75015 -11.74011 -11.72843 -11.70936 -11.69162 -11.67042 -11.63412 -11.59964
 -11.55942 -11.49676 -11.44129 -11.37752 -11.27893 -11.18952 -11.08019 -10.88660
 -10.69904 -10.48167 -10.16181  -9.90029  -9.62372  -9.24622  -8.95119  -8.65016
 -11.85898 -11.85259 -11.84470 -11.83259 -11.82158 -11.80783 -11.78564 -11.76489
 -11.73948 -11.70089 -11.66710 -11.62688 -11.56464 -11.50558 -11.42637 -11.27409
 -11.11912 -10.93395 -10.64932 -10.40717 -10.14504  -9.77919  -9.48703  -9.18600
 -11.97840 -11.97540 -11.97180 -11.96587 -11.96022 -11.95321 -11.94160 -11.93095
 -11.91864 -11.89953 -11.88264 -11.86324 -11.83207 -11.79873 -11.74903 -11.64732
 -11.53938 -11.40548 -11.19132 -10.99755 -10.77453 -10.46502 -10.19737  -9.89634
 -12.04838 -12.04691 -12.04463 -12.04067 -12.03717 -12.03310 -12.02579 -12.01890
 -12.01145 -12.00010 -11.98994 -11.97811 -11.95789 -11.93492 -11.89980 -11.82618
 -11.74591 -11.64394 -11.47845 -11.32143 -11.13348 -10.90224 -10.67470 -10.37367
 -12.11296 -12.11255 -12.11158 -12.10967 -12.10797 -12.10596 -12.10201 -12.09826
 -12.09454 -12.08885 -12.08344 -12.07673 -12.06460 -12.04987 -12.02628 -11.97618
 -11.92095 -11.84985 -11.73457 -11.61877 -11.47525 -11.34784 -11.17345 -10.87244
 -12.12067 -12.12636 -12.13194 -12.13820 -12.14210 -12.14582 -12.15064 -12.15396
 -12.15662 -12.15894 -12.15990 -12.16009 -12.15660 -12.14907 -12.13579 -12.10752
 -12.07549 -12.03277 -11.96614 -11.89377 -11.79882 -11.76743 -11.63866 -11.33789
 -12.01359 -12.03088 -12.04798 -12.06905 -12.08419 -12.09966 -12.12035 -12.13532
 -12.14907 -12.16529 -12.17608 -12.18512 -12.19125 -12.19050 -12.18550 -12.17194
 -12.15452 -12.12981 -12.09303 -12.04687 -11.98082 -11.99767 -11.88998 -11.58981
 -11.74553 -11.77783 -11.81197 -11.85789 -11.89369 -11.93180 -11.98358 -12.02173
 -12.05858 -12.10509 -12.13712 -12.16402 -12.18934 -12.20134 -12.20911 -12.21534
 -12.21656 -12.21439 -12.21460 -12.19999 -12.16651 -12.23396 -12.14799 -11.84920
 -11.48387 -11.52398 -11.56687 -11.62823 -11.67992 -11.73722 -11.81740 -11.87743
 -11.93616 -12.01347 -12.06925 -12.11758 -12.16577 -12.19175 -12.21276 -12.23944
 -12.25941 -12.27863 -12.31337 -12.32781 -12.32327 -12.43507 -12.36797 -12.07008
 -11.42022 -11.46252 -11.50751 -11.57311 -11.62899 -11.69051 -11.77960 -11.84815
 -11.91460 -12.00279 -12.06748 -12.12434 -12.18196 -12.21386 -12.24077 -12.27582
 -12.30302 -12.33079 -12.37908 -12.40491 -12.41217 -12.54084 -12.47999 -12.18124
 -11.42991 -11.47260 -11.51911 -11.58587 -11.64206 -11.70504 -11.79638 -11.86721
 -11.93794 -12.03343 -12.10395 -12.16647 -12.23061 -12.26686 -12.29781 -12.33797
 -12.36945 -12.40244 -12.45890 -12.49151 -12.50587 -12.64449 -12.58683 -12.28642
 -11.51141 -11.55372 -11.60070 -11.66735 -11.72219 -11.78297 -11.87115 -11.94103
 -12.01260 -12.11139 -12.18566 -12.25232 -12.32142 -12.36076 -12.39441 -12.43753
 -12.47133 -12.50716 -12.56730 -12.60287 -12.62073 -12.76348 -12.70662 -12.40493
 -11.60362 -11.64569 -11.69243 -11.75826 -11.81151 -11.86965 -11.95496 -12.02392
 -12.09500 -12.19400 -12.26942 -12.33834 -12.41010 -12.45064 -12.48535 -12.53045
 -12.56554 -12.60144 -12.66194 -12.69856 -12.71713 -12.86009 -12.80328 -12.50122
 -11.76891 -11.81058 -11.85595 -11.91966 -11.97091 -12.02581 -12.10456 -12.16905
 -12.23843 -12.33667 -12.41232 -12.48358 -12.55837 -12.59962 -12.63428 -12.68026
 -12.71599 -12.75122 -12.81160 -12.84838 -12.86593 -13.00794 -12.95155 -12.64959
 -12.01697 -12.05656 -12.09962 -12.16070 -12.20964 -12.26094 -12.33407 -12.39458
 -12.46050 -12.55645 -12.63165 -12.70241 -12.77759 -12.81993 -12.85523 -12.89983
 -12.93400 -12.96884 -13.02721 -13.06173 -13.07840 -13.21938 -13.16267 -12.86092
 -12.19532 -12.23433 -12.27646 -12.33615 -12.38396 -12.43392 -12.50461 -12.56288
 -12.62662 -12.72084 -12.79577 -12.86674 -12.94325 -12.98680 -13.02251 -13.06635
 -13.09946 -13.13331 -13.19024 -13.22377 -13.23997 -13.38115 -13.32485 -13.02321
 -12.39772 -12.43603 -12.47664 -12.53526 -12.58234 -12.62984 -12.69716 -12.75376
 -12.81599 -12.90746 -12.98081 -13.05206 -13.12948 -13.17314 -13.20860 -13.25122
 -13.28299 -13.31565 -13.37028 -13.40163 -13.41621 -13.55654 -13.50032 -13.19876
 -12.63901 -12.67570 -12.71523 -12.77241 -12.81815 -12.86429 -12.92920 -12.98329
 -13.04245 -13.12983 -13.20043 -13.26947 -13.34610 -13.39000 -13.42475 -13.46548
 -13.49551 -13.52614 -13.57733 -13.60612 -13.61912 -13.75893 -13.70291 -13.40144
 -12.80717 -12.84264 -12.88116 -12.93695 -12.98143 -13.02620 -13.08899 -13.14097
 -13.19743 -13.28094 -13.34866 -13.41513 -13.49067 -13.53480 -13.56886 -13.60739
 -13.63537 -13.66402 -13.71321 -13.74078 -13.75239 -13.89180 -13.83618 -13.53475
 -13.06130 -13.09602 -13.13396 -13.18848 -13.23162 -13.27523 -13.33655 -13.38701
 -13.44134 -13.52209 -13.58838 -13.65415 -13.72893 -13.77241 -13.80597 -13.84311
 -13.86965 -13.89730 -13.94597 -13.97310 -13.98377 -14.12243 -14.06683 -13.76543
 -13.39403 -13.42871 -13.46658 -13.52094 -13.56390 -13.60732 -13.66845 -13.71884
 -13.77314 -13.85391 -13.92025 -13.98609 -14.06098 -14.10452 -14.13814 -14.17534
 -14.20191 -14.22959 -14.27829 -14.30545 -14.31613 -14.45476 -14.39917 -14.09783
 -13.61321 -13.64786 -13.68570 -13.73999 -13.78287 -13.82621 -13.88724 -13.93759
 -13.99189 -14.07269 -14.13906 -14.20494 -14.27987 -14.32344 -14.35707 -14.39429
 -14.42089 -14.44858 -14.49729 -14.52445 -14.53514 -14.67376 -14.61818 -14.31687
 -13.84554 -13.88018 -13.91799 -13.97222 -14.01504 -14.05831 -14.11928 -14.16961
 -14.22390 -14.30470 -14.37109 -14.43701 -14.51197 -14.55555 -14.58921 -14.62645
 -14.65306 -14.68076 -14.72948 -14.75664 -14.76734 -14.90596 -14.85040 -14.54912
 -14.10966 -14.14429 -14.18207 -14.23624 -14.27900 -14.32219 -14.38312 -14.43344
 -14.48772 -14.56850 -14.63492 -14.70087 -14.77586 -14.81945 -14.85314 -14.89041
 -14.91701 -14.94473 -14.99346 -15.02062 -15.03132 -15.16994 -15.11441 -14.81316
 -14.29706 -14.33168 -14.36945 -14.42358 -14.46629 -14.50945 -14.57033 -14.62066
 -14.67492 -14.75570 -14.82213 -14.88810 -14.96311 -15.00671 -15.04041 -15.07770
 -15.10430 -15.13203 -15.18077 -15.20792 -15.21863 -15.35725 -15.30173 -15.00050
 -14.56119 -14.59579 -14.63354 -14.68762 -14.73029 -14.77339 -14.83423 -14.88454
 -14.93879 -15.01956 -15.08601 -15.15201 -15.22704 -15.27065 -15.30438 -15.34169
 -15.36829 -15.39603 -15.44478 -15.47193 -15.48263 -15.62126 -15.56575 -15.26455
 -14.89395 -14.92854 -14.96627 -15.02030 -15.06291 -15.10595 -15.16673 -15.21703
 -15.27128 -15.35204 -15.41851 -15.48453 -15.55959 -15.60321 -15.63696 -15.67430
 -15.70090 -15.72865 -15.77741 -15.80455 -15.81526 -15.95388 -15.89839 -15.59722
 -15.11313 -15.14772 -15.18543 -15.23944 -15.28201 -15.32502 -15.38577 -15.43606
 -15.49030 -15.57106 -15.63754 -15.70358 -15.77865 -15.82228 -15.85604 -15.89340
 -15.92000 -15.94775 -15.99652 -16.02366 -16.03436 -16.17298 -16.11749 -15.81635
 -15.34548 -15.38006 -15.41776 -15.47174 -15.51428 -15.55725 -15.61797 -15.66826
 -15.72249 -15.80324 -15.86973 -15.93579 -16.01088 -16.05452 -16.08829 -16.12566
 -16.15226 -16.18002 -16.22879 -16.25593 -16.26663 -16.40524 -16.34977 -16.04864
 -15.60961 -15.64418 -15.68187 -15.73582 -15.77834 -15.82128 -15.88196 -15.93223
 -15.98645 -16.06721 -16.13371 -16.19978 -16.27489 -16.31854 -16.35232 -16.38970
 -16.41631 -16.44407 -16.49285 -16.51999 -16.53069 -16.66929 -16.61382 -16.31271
 -11.17044 -11.16136 -11.16624 -11.15039 -11.10494 -11.08509 -11.05125 -10.98160
 -10.93395 -10.88267 -10.80972 -10.72158 -10.58289 -10.45248 -10.29959 -10.06097
  -9.85071  -9.61406  -9.26552  -8.98043  -8.68073  -8.26983  -7.95342  -7.63781
 -11.22706 -11.21740 -11.20489 -11.18832 -11.17587 -11.15356 -11.11787 -11.09126
 -11.04995 -10.99542 -10.96544 -10.91218 -10.80342 -10.70570 -10.59124 -10.41021
 -10.24926 -10.06573  -9.78807  -9.55228  -9.29476  -8.92602  -8.63171  -8.33153
 -11.33287 -11.32752 -11.32164 -11.31174 -11.30172 -11.28983 -11.26954 -11.24957
 -11.22659 -11.19226 -11.16138 -11.12173 -11.05462 -10.99236 -10.91649 -10.79465
 -10.68565 -10.55770 -10.35432 -10.17059  -9.95622  -9.63026  -9.35968  -9.07583
 -11.39087 -11.38747 -11.38406 -11.37818 -11.37175 -11.36406 -11.35159 -11.33976
 -11.32564 -11.30340 -11.28290 -11.25684 -11.21285 -11.17183 -11.12211 -11.04162
 -10.96697 -10.87462 -10.72015 -10.57306 -10.38974 -10.09507  -9.84237  -9.57111
 -11.43799 -11.43624 -11.43423 -11.43087 -11.42743 -11.42296 -11.41559 -11.40902
 -11.40143 -11.38869 -11.37617 -11.36112 -11.33568 -11.31102 -11.28172 -11.23323
 -11.18608 -11.12734 -11.02217 -10.91158 -10.76555 -10.51796 -10.29613 -10.05241
 -11.47402 -11.47449 -11.47475 -11.47482 -11.47501 -11.47594 -11.47705 -11.47652
 -11.47505 -11.47121 -11.46621 -11.45939 -11.44747 -11.43590 -11.42177 -11.39757
 -11.37339 -11.34224 -11.28116 -11.21036 -11.11065 -10.93133 -10.76447 -10.57985
 -11.42531 -11.43200 -11.43867 -11.44804 -11.45645 -11.46699 -11.48274 -11.49326
 -11.50090 -11.50686 -11.50904 -11.50960 -11.50786 -11.50448 -11.49927 -11.48902
 -11.47770 -11.46131 -11.42534 -11.38048 -11.31369 -11.18772 -11.06694 -10.93187
 -11.23279 -11.25429 -11.27610 -11.30850 -11.33897 -11.37563 -11.42866 -11.46486
 -11.49303 -11.51936 -11.53441 -11.54712 -11.56142 -11.57104 -11.57923 -11.58716
 -11.59059 -11.59005 -11.58023 -11.56342 -11.53485 -11.47554 -11.41527 -11.34579
 -11.00830 -11.04207 -11.07867 -11.13675 -11.19305 -11.26110 -11.35759 -11.42209
 -11.47310 -11.52378 -11.55457 -11.58229 -11.61621 -11.64035 -11.66342 -11.69140
 -11.70963 -11.72375 -11.73586 -11.74066 -11.74148 -11.73696 -11.72950 -11.71821
 -10.94732 -10.98634 -11.02951 -11.09768 -11.16285 -11.24209 -11.35455 -11.42995
 -11.49105 -11.55243 -11.58919 -11.62315 -11.66676 -11.69857 -11.72920 -11.76714
 -11.79321 -11.81498 -11.83694 -11.85065 -11.86376 -11.88132 -11.89432 -11.90574
 -10.96333 -11.00376 -11.04880 -11.12074 -11.19016 -11.27492 -11.39650 -11.47890
 -11.54573 -11.61443 -11.65670 -11.69530 -11.74466 -11.78147 -11.81817 -11.86372
 -11.89459 -11.92192 -11.95131 -11.97053 -11.99190 -12.02520 -12.05225 -12.07920
 -11.04963 -11.09111 -11.13743 -11.21007 -11.27887 -11.36356 -11.48711 -11.57200
 -11.64182 -11.71435 -11.75942 -11.80139 -11.85595 -11.89692 -11.93669 -11.98722
 -12.02307 -12.05282 -12.08529 -12.11033 -12.13769 -12.17935 -12.21560 -12.25310
 -11.14441 -11.18589 -11.23169 -11.30289 -11.36981 -11.45123 -11.57027 -11.65394
 -11.72431 -11.79801 -11.84347 -11.88565 -11.94215 -11.98556 -12.02792 -12.08160
 -12.11897 -12.15055 -12.18585 -12.21291 -12.24255 -12.28805 -12.32819 -12.36979
 -11.31128 -11.35191 -11.39631 -11.46391 -11.52591 -11.60016 -11.70871 -11.78638
 -11.85310 -11.92510 -11.97164 -12.01638 -12.07482 -12.11817 -12.16321 -12.22187
 -12.26120 -12.29559 -12.33494 -12.36335 -12.39439 -12.44306 -12.48567 -12.52952
 -11.55821 -11.59730 -11.64030 -11.70249 -11.75532 -11.81782 -11.91080 -11.97909
 -12.03897 -12.10626 -12.15196 -12.19651 -12.25656 -12.30314 -12.34981 -12.41019
 -12.45296 -12.49056 -12.53325 -12.56341 -12.59493 -12.64424 -12.68837 -12.73406
 -11.73694 -11.77480 -11.81566 -11.87501 -11.92472 -11.97874 -12.05706 -12.11788
 -12.17330 -12.23809 -12.28337 -12.32770 -12.38799 -12.43552 -12.48361 -12.54580
 -12.58988 -12.62939 -12.67414 -12.70459 -12.73594 -12.78577 -12.83067 -12.87527
 -11.93542 -11.97224 -12.01199 -12.06755 -12.11166 -12.15955 -12.22816 -12.28095
 -12.33092 -12.39237 -12.43693 -12.48079 -12.54020 -12.58759 -12.63608 -12.69982
 -12.74552 -12.78618 -12.83157 -12.86218 -12.89385 -12.94408 -12.98902 -13.03391
 -12.16875 -12.20458 -12.24332 -12.29578 -12.33526 -12.37744 -12.43706 -12.48298
 -12.52876 -12.58789 -12.63124 -12.67428 -12.73320 -12.78029 -12.82824 -12.89180
 -12.93813 -12.97949 -13.02580 -13.05691 -13.08840 -13.13710 -13.18046 -13.22498
 -12.33850 -12.37350 -12.41092 -12.46153 -12.49944 -12.53860 -12.59310 -12.63593
 -12.67955 -12.73701 -12.77954 -12.82197 -12.88018 -12.92668 -12.97419 -13.03730
 -13.08348 -13.12517 -13.17207 -13.20324 -13.23448 -13.28186 -13.32378 -13.36787
 -12.58106 -12.61507 -12.65167 -12.70061 -12.73620 -12.77245 -12.82283 -12.86271
 -12.90355 -12.95823 -12.99960 -13.04107 -13.09787 -13.14328 -13.18981 -13.25177
 -13.29739 -13.33923 -13.38690 -13.41840 -13.44942 -13.49502 -13.53504 -13.57867
 -12.89062 -12.92291 -12.95771 -13.00533 -13.04047 -13.07434 -13.11960 -13.15616
 -13.19450 -13.24711 -13.28759 -13.32807 -13.38247 -13.42542 -13.47029 -13.53077
 -13.57497 -13.61567 -13.66277 -13.69373 -13.72221 -13.76460 -13.80420 -13.84605
 -13.09509 -13.12676 -13.16080 -13.20742 -13.24191 -13.27492 -13.31849 -13.35345
 -13.39015 -13.44094 -13.48046 -13.52003 -13.57244 -13.61342 -13.65735 -13.71592
 -13.75722 -13.79708 -13.84480 -13.87552 -13.90472 -13.94550 -13.98085 -14.02225
 -13.31254 -13.34310 -13.37549 -13.42077 -13.45530 -13.48733 -13.52838 -13.56190
 -13.59773 -13.64683 -13.68401 -13.72147 -13.77202 -13.81196 -13.85466 -13.91101
 -13.95034 -13.98856 -14.03467 -14.06405 -14.09130 -14.13087 -14.16684 -14.20700
 -13.57645 -13.60696 -13.63925 -13.68431 -13.71861 -13.75031 -13.79091 -13.82418
 -13.85989 -13.90893 -13.94610 -13.98359 -14.03422 -14.07425 -14.11706 -14.17356
 -14.21301 -14.25135 -14.29761 -14.32708 -14.35438 -14.39400 -14.43005 -14.47024
 -13.76384 -13.79432 -13.82659 -13.87156 -13.90574 -13.93729 -13.97770 -14.01087
 -14.04653 -14.09555 -14.13273 -14.17024 -14.22093 -14.26100 -14.30387 -14.36045
 -14.39996 -14.43837 -14.48471 -14.51422 -14.54156 -14.58122 -14.61729 -14.65751
 -14.02796 -14.05842 -14.09065 -14.13554 -14.16961 -14.20103 -14.24126 -14.27434
 -14.30994 -14.35895 -14.39614 -14.43368 -14.48441 -14.52453 -14.56745 -14.62410
 -14.66367 -14.70214 -14.74856 -14.77812 -14.80549 -14.84517 -14.88127 -14.92151
 -14.36071 -14.39117 -14.42337 -14.46819 -14.50219 -14.53351 -14.57362 -14.60662
 -14.64219 -14.69119 -14.72839 -14.76595 -14.81671 -14.85686 -14.89982 -14.95652
 -14.99613 -15.03465 -15.08112 -15.11071 -15.13811 -15.17782 -15.21393 -15.25419
 -14.57990 -14.61035 -14.64254 -14.68734 -14.72131 -14.75259 -14.79264 -14.82562
 -14.86118 -14.91018 -14.94738 -14.98494 -15.03572 -15.07588 -15.11885 -15.17558
 -15.21521 -15.25374 -15.30023 -15.32984 -15.35724 -15.39696 -15.43307 -15.47334
 -14.81225 -14.84269 -14.87488 -14.91966 -14.95361 -14.98486 -15.02488 -15.05784
 -15.09339 -15.14239 -15.17959 -15.21716 -15.26795 -15.30811 -15.35109 -15.40784
 -15.44748 -15.48602 -15.53253 -15.56214 -15.58955 -15.62928 -15.66539 -15.70567
 -15.07638 -15.10682 -15.13900 -15.18377 -15.21770 -15.24893 -15.28893 -15.32189
 -15.35743 -15.40642 -15.44363 -15.48120 -15.53199 -15.57217 -15.61515 -15.67191
 -15.71155 -15.75011 -15.79663 -15.82625 -15.85366 -15.89339 -15.92951 -15.96978
 -10.59863 -10.58309 -10.56663 -10.54337 -10.52587 -10.50983 -10.48995 -10.46720
 -10.44036 -10.41279 -10.38672 -10.35018 -10.28898 -10.23954 -10.18340 -10.08036
  -9.97771  -9.85223  -9.64518  -9.45072  -9.22096  -8.86541  -8.56368  -8.24292
 -10.68668 -10.67114 -10.65468 -10.63141 -10.61391 -10.59788 -10.57799 -10.55524
 -10.52841 -10.50083 -10.47476 -10.43823 -10.37702 -10.32759 -10.27145 -10.16840
 -10.06575  -9.94027  -9.73322  -9.53876  -9.30900  -8.95345  -8.65172  -8.33097
 -10.78451 -10.77241 -10.75958 -10.74128 -10.72726 -10.71406 -10.69776 -10.68191
 -10.66274 -10.63594 -10.61045 -10.57886 -10.52972 -10.48712 -10.43551 -10.34277
 -10.25164 -10.14050  -9.95719  -9.78509  -9.58115  -9.26261  -8.98822  -8.69191
 -10.82994 -10.81859 -10.80955 -10.80324 -10.79745 -10.78444 -10.75317 -10.73683
 -10.72841 -10.70926 -10.68958 -10.66770 -10.63341 -10.59729 -10.55545 -10.50110
 -10.44339 -10.36162 -10.21846 -10.08266  -9.92090  -9.66391  -9.43556  -9.18020
 -10.88868 -10.88437 -10.88100 -10.87895 -10.87658 -10.87035 -10.85467 -10.84543
 -10.83930 -10.82703 -10.81485 -10.80059 -10.77653 -10.75190 -10.72266 -10.67941
 -10.63431 -10.57326 -10.46735 -10.36570 -10.24247 -10.04109  -9.85453  -9.63703
 -10.94503 -10.94918 -10.95304 -10.95762 -10.96053 -10.96281 -10.96454 -10.96455
 -10.96336 -10.96006 -10.95592 -10.95010 -10.93939 -10.92809 -10.91275 -10.88426
 -10.85613 -10.82014 -10.75528 -10.69302 -10.61599 -10.48003 -10.34310 -10.17102
 -10.92526 -10.93646 -10.94773 -10.96289 -10.97375 -10.98314 -10.99250 -10.99853
 -11.00433 -11.01125 -11.01515 -11.01756 -11.01820 -11.01583 -11.01050 -10.99849
 -10.98448 -10.96439 -10.92534 -10.88550 -10.83368 -10.73711 -10.63267 -10.49312
 -10.85671 -10.87837 -10.90078 -10.93156 -10.95445 -10.97560 -10.99961 -11.01641
 -11.03331 -11.05625 -11.07319 -11.08895 -11.10712 -11.11860 -11.12778 -11.13546
 -11.13728 -11.13510 -11.12473 -11.10878 -11.08331 -11.02904 -10.96244 -10.86576
 -10.83287 -10.86160 -10.89193 -10.93451 -10.96700 -10.99795 -11.03484 -11.06144
 -11.08867 -11.12687 -11.15615 -11.18495 -11.22175 -11.24704 -11.27029 -11.29950
 -11.31824 -11.33324 -11.34758 -11.35129 -11.34709 -11.32745 -11.29549 -11.24180
 -10.88031 -10.91025 -10.94216 -10.98811 -11.02383 -11.05813 -11.09913 -11.12901
 -11.15995 -11.20383 -11.23838 -11.27259 -11.31540 -11.34658 -11.37657 -11.41298
 -11.43829 -11.46115 -11.48520 -11.49648 -11.50102 -11.49590 -11.47909 -11.44579
 -10.97100 -11.00181 -11.03470 -11.08207 -11.11914 -11.15528 -11.19943 -11.23118
 -11.26343 -11.30933 -11.34584 -11.38261 -11.42989 -11.46450 -11.49749 -11.53746
 -11.56651 -11.59348 -11.62164 -11.63844 -11.65048 -11.65462 -11.64854 -11.63212
 -11.11377 -11.14454 -11.17749 -11.22520 -11.26267 -11.29924 -11.34388 -11.37573
 -11.40795 -11.45398 -11.49066 -11.52772 -11.57563 -11.60981 -11.64241 -11.68463
 -11.71543 -11.74372 -11.77457 -11.79278 -11.80727 -11.82100 -11.82377 -11.81903
 -11.23513 -11.26526 -11.29742 -11.34406 -11.38094 -11.41733 -11.46237 -11.49408
 -11.52550 -11.57034 -11.60680 -11.64386 -11.69059 -11.72361 -11.75533 -11.79664
 -11.82631 -11.85372 -11.88570 -11.90550 -11.92155 -11.93790 -11.94478 -11.94689
 -11.42427 -11.45373 -11.48503 -11.53007 -11.56563 -11.60089 -11.64496 -11.67603
 -11.70643 -11.74890 -11.78325 -11.81834 -11.86286 -11.89426 -11.92410 -11.96235
 -11.98972 -12.01549 -12.04732 -12.06846 -12.08611 -12.10387 -12.11460 -12.12382
 -11.67880 -11.70668 -11.73597 -11.77755 -11.81024 -11.84279 -11.88389 -11.91261
 -11.94041 -11.97899 -12.00916 -12.03954 -12.07931 -12.10753 -12.13368 -12.16614
 -12.19003 -12.21328 -12.24173 -12.26115 -12.27852 -12.29810 -12.31090 -12.32378
 -11.84362 -11.86932 -11.89626 -11.93466 -11.96495 -11.99519 -12.03336 -12.05974
 -12.08465 -12.11814 -12.14453 -12.17142 -12.20624 -12.23058 -12.25317 -12.28179
 -12.30246 -12.32225 -12.34725 -12.36499 -12.38125 -12.40005 -12.41343 -12.42799
 -12.00482 -12.02744 -12.05114 -12.08496 -12.11151 -12.13767 -12.17008 -12.19244
 -12.21354 -12.24128 -12.26269 -12.28442 -12.31294 -12.33310 -12.35156 -12.37406
 -12.39091 -12.40765 -12.42846 -12.44386 -12.45867 -12.47603 -12.48936 -12.50467
 -12.16083 -12.17907 -12.19761 -12.22315 -12.24316 -12.26359 -12.29023 -12.30744
 -12.32245 -12.34290 -12.35862 -12.37426 -12.39486 -12.40914 -12.42241 -12.43991
 -12.45202 -12.46380 -12.48147 -12.49437 -12.50626 -12.52225 -12.53522 -12.55076
 -12.24976 -12.26429 -12.27907 -12.29966 -12.31571 -12.33171 -12.35193 -12.36544
 -12.37756 -12.39304 -12.40460 -12.41640 -12.43271 -12.44376 -12.45351 -12.46646
 -12.47638 -12.48636 -12.49999 -12.51085 -12.52188 -12.53627 -12.54855 -12.56402
 -12.34177 -12.35157 -12.36176 -12.37648 -12.38781 -12.39838 -12.41036 -12.41906
 -12.42752 -12.43718 -12.44462 -12.45252 -12.46260 -12.46965 -12.47625 -12.48466
 -12.49134 -12.49827 -12.50745 -12.51523 -12.52384 -12.53617 -12.54818 -12.56410
 -12.40241 -12.40785 -12.41313 -12.42012 -12.42539 -12.43056 -12.43714 -12.44190
 -12.44649 -12.45221 -12.45593 -12.45922 -12.46370 -12.46771 -12.47174 -12.47571
 -12.47903 -12.48315 -12.48908 -12.49412 -12.50001 -12.50994 -12.52032 -12.53495
 -12.40899 -12.41285 -12.41647 -12.42070 -12.42371 -12.42683 -12.43124 -12.43409
 -12.43652 -12.44003 -12.44256 -12.44471 -12.44711 -12.44940 -12.45187 -12.45416
 -12.45616 -12.45892 -12.46334 -12.46673 -12.47095 -12.48013 -12.48958 -12.50344
 -12.38760 -12.38974 -12.39168 -12.39388 -12.39555 -12.39751 -12.40066 -12.40251
 -12.40378 -12.40545 -12.40651 -12.40746 -12.40913 -12.41085 -12.41246 -12.41357
 -12.41465 -12.41627 -12.41867 -12.42139 -12.42502 -12.43130 -12.44029 -12.45520
 -12.35565 -12.35695 -12.35802 -12.35886 -12.35936 -12.36014 -12.36183 -12.36295
 -12.36345 -12.36337 -12.36400 -12.36526 -12.36642 -12.36652 -12.36662 -12.36818
 -12.36910 -12.36965 -12.37123 -12.37252 -12.37456 -12.38116 -12.38969 -12.40310
 -12.25431 -12.25504 -12.25555 -12.25576 -12.25590 -12.25644 -12.25791 -12.25841
 -12.25835 -12.25878 -12.25916 -12.25951 -12.26023 -12.26027 -12.26016 -12.26106
 -12.26173 -12.26211 -12.26296 -12.26418 -12.26614 -12.27095 -12.27881 -12.29233
 -12.45036 -12.45092 -12.45127 -12.45135 -12.45146 -12.45201 -12.45352 -12.45392
 -12.45380 -12.45448 -12.45470 -12.45464 -12.45533 -12.45556 -12.45549 -12.45609
 -12.45672 -12.45716 -12.45768 -12.45901 -12.46118 -12.46521 -12.47291 -12.48670
 -12.78314 -12.78369 -12.78405 -12.78413 -12.78424 -12.78479 -12.78629 -12.78670
 -12.78657 -12.78726 -12.78748 -12.78741 -12.78810 -12.78834 -12.78827 -12.78887
 -12.78949 -12.78994 -12.79045 -12.79179 -12.79395 -12.79798 -12.80568 -12.81948
 -13.00233 -13.00288 -13.00324 -13.00332 -13.00343 -13.00398 -13.00548 -13.00589
 -13.00577 -13.00645 -13.00667 -13.00660 -13.00730 -13.00753 -13.00746 -13.00806
 -13.00869 -13.00913 -13.00965 -13.01098 -13.01315 -13.01718 -13.02488 -13.03867
 -13.23468 -13.23524 -13.23559 -13.23567 -13.23578 -13.23633 -13.23784 -13.23824
 -13.23812 -13.23880 -13.23902 -13.23895 -13.23965 -13.23988 -13.23981 -13.24041
 -13.24104 -13.24148 -13.24200 -13.24333 -13.24550 -13.24953 -13.25723 -13.27102
 -13.49882 -13.49937 -13.49973 -13.49981 -13.49992 -13.50047 -13.50197 -13.50238
 -13.50225 -13.50294 -13.50316 -13.50309 -13.50379 -13.50402 -13.50395 -13.50455
 -13.50518 -13.50562 -13.50613 -13.50747 -13.50964 -13.51367 -13.52137 -13.53516
 -10.56337 -10.56554 -10.56210 -10.55064 -10.54813 -10.56132 -10.59071 -10.58315
 -10.51518 -10.42721 -10.49659 -10.44122 -10.09602  -9.97321  -9.89941  -9.72289
  -9.56725  -9.38321  -9.09751  -8.87972  -8.62613  -8.20370  -7.84371  -7.45078
 -10.69478 -10.69461 -10.68999 -10.67812 -10.67283 -10.67809 -10.69249 -10.68125
 -10.62613 -10.55230 -10.59109 -10.54346 -10.28892 -10.18687 -10.11518  -9.96156
  -9.82566  -9.66482  -9.41280  -9.21282  -8.98186  -8.60660  -8.28579  -7.93456
 -10.86035 -10.85721 -10.85111 -10.83872 -10.82994 -10.82521 -10.82071 -10.80485
 -10.76592 -10.70990 -10.71013 -10.67227 -10.53195 -10.45604 -10.38702 -10.26225
 -10.15122 -10.01960  -9.81002  -9.63249  -9.43003  -9.11421  -8.84274  -8.54405
 -10.96941 -10.96432 -10.95723 -10.94451 -10.93343 -10.92212 -10.90518 -10.88627
 -10.85800 -10.81371 -10.78855 -10.75712 -10.69202 -10.63334 -10.56608 -10.46032
 -10.36565 -10.25329 -10.07166  -9.90892  -9.72523  -9.44855  -9.20960  -8.94552
 -11.08531 -11.07927 -11.07204 -11.06000 -11.04816 -11.03318 -11.00902 -10.98949
 -10.97072 -10.93831 -10.89813 -10.87020 -10.85248 -10.80719 -10.74445 -10.65545
 -10.57611 -10.48049 -10.32673 -10.19230 -10.03901  -9.80247  -9.59747  -9.37052
 -11.21741 -11.21375 -11.20906 -11.20100 -11.19349 -11.18476 -11.17118 -11.15902
 -11.14492 -11.12274 -11.10187 -11.07272 -11.02135 -10.97973 -10.93244 -10.85739
 -10.79216 -10.71024 -10.58472 -10.50029 -10.39663 -10.20394 -10.03691  -9.85237
 -11.31023 -11.30748 -11.30396 -11.29791 -11.29230 -11.28579 -11.27570 -11.26664
 -11.25609 -11.23914 -11.22295 -11.20208 -11.16668 -11.13559 -11.09981 -11.04368
 -10.99349 -10.93162 -10.83072 -10.74541 -10.64689 -10.48959 -10.35161 -10.19564
 -11.44204 -11.44047 -11.43843 -11.43479 -11.43118 -11.42672 -11.41954 -11.41337
 -11.40676 -11.39620 -11.38489 -11.37066 -11.34766 -11.32675 -11.30257 -11.26454
 -11.22953 -11.18721 -11.11858 -11.05728 -10.98589 -10.87377 -10.77488 -10.65965
 -11.60959 -11.60870 -11.60753 -11.60544 -11.60344 -11.60106 -11.59724 -11.59364
 -11.58926 -11.58237 -11.57645 -11.56873 -11.55505 -11.54304 -11.52905 -11.50632
 -11.48532 -11.45995 -11.41791 -11.37888 -11.33414 -11.26460 -11.20015 -11.12368
 -11.72100 -11.72020 -11.71928 -11.71790 -11.71647 -11.71449 -11.71105 -11.70827
 -11.70576 -11.70215 -11.69771 -11.69213 -11.68330 -11.67470 -11.66436 -11.64799
 -11.63323 -11.61571 -11.58669 -11.55915 -11.52733 -11.47786 -11.43184 -11.37647
 -11.83883 -11.83887 -11.83869 -11.83796 -11.83703 -11.83576 -11.83366 -11.83191
 -11.83019 -11.82770 -11.82499 -11.82110 -11.81427 -11.80852 -11.80201 -11.79123
 -11.78063 -11.76792 -11.74805 -11.73047 -11.70960 -11.67546 -11.64403 -11.60621
 -11.98239 -11.98232 -11.98235 -11.98251 -11.98252 -11.98229 -11.98137 -11.98012
 -11.97831 -11.97534 -11.97324 -11.97148 -11.96872 -11.96498 -11.96096 -11.95533
 -11.94861 -11.94002 -11.92683 -11.91544 -11.90207 -11.88051 -11.86106 -11.83740
 -12.09168 -12.09148 -12.09127 -12.09096 -12.09063 -12.09015 -12.08928 -12.08853
 -12.08779 -12.08669 -12.08545 -12.08398 -12.08164 -12.07922 -12.07629 -12.07162
 -12.06716 -12.06174 -12.05298 -12.04504 -12.03569 -12.02061 -12.00674 -11.99059
 -12.21596 -12.21595 -12.21592 -12.21580 -12.21563 -12.21539 -12.21495 -12.21458
 -12.21421 -12.21367 -12.21305 -12.21219 -12.21074 -12.20950 -12.20804 -12.20571
 -12.20369 -12.20096 -12.19604 -12.19183 -12.18709 -12.17955 -12.17259 -12.16473
 -12.23492 -12.23510 -12.23520 -12.23517 -12.23514 -12.23518 -12.23546 -12.23584
 -12.23635 -12.23683 -12.23660 -12.23678 -12.23794 -12.23818 -12.23824 -12.23859
 -12.23871 -12.23874 -12.23902 -12.23977 -12.24118 -12.24398 -12.24672 -12.25073
 -12.13328 -12.13369 -12.13406 -12.13444 -12.13481 -12.13540 -12.13652 -12.13744
 -12.13823 -12.13917 -12.14016 -12.14149 -12.14352 -12.14500 -12.14650 -12.14867
 -12.15043 -12.15249 -12.15649 -12.16131 -12.16752 -12.17797 -12.18834 -12.20121
 -11.97108 -11.97105 -11.97144 -11.97277 -11.97428 -11.97611 -11.97857 -11.97980
 -11.97993 -11.97989 -11.98226 -11.98477 -11.98670 -11.98909 -11.99178 -11.99506
 -11.99801 -12.00169 -12.00834 -12.01560 -12.02537 -12.04243 -12.05848 -12.07826
 -11.84437 -11.84465 -11.84505 -11.84587 -11.84692 -11.84851 -11.85125 -11.85319
 -11.85441 -11.85510 -11.85621 -11.85929 -11.86510 -11.86719 -11.86862 -11.87188
 -11.87530 -11.88006 -11.88854 -11.89608 -11.90633 -11.92614 -11.94562 -11.96908
 -11.83431 -11.83538 -11.83650 -11.83789 -11.83883 -11.83965 -11.84074 -11.84195
 -11.84381 -11.84662 -11.84805 -11.85075 -11.85603 -11.85782 -11.85991 -11.86527
 -11.86912 -11.87251 -11.87844 -11.88681 -11.89884 -11.92008 -11.94038 -11.96479
 -11.90269 -11.90261 -11.90275 -11.90354 -11.90487 -11.90707 -11.91096 -11.91352
 -11.91473 -11.91487 -11.91629 -11.91969 -11.92529 -11.92745 -11.93004 -11.93600
 -11.94022 -11.94426 -11.95096 -11.95849 -11.96906 -11.98944 -12.01113 -12.03772
 -12.07185 -12.07247 -12.07316 -12.07419 -12.07509 -12.07617 -12.07798 -12.07974
 -12.08190 -12.08507 -12.08728 -12.08952 -12.09303 -12.09623 -12.09967 -12.10428
 -12.10791 -12.11200 -12.11928 -12.12759 -12.13900 -12.15947 -12.17957 -12.20508
 -12.21891 -12.21937 -12.21999 -12.22111 -12.22216 -12.22339 -12.22534 -12.22708
 -12.22903 -12.23180 -12.23390 -12.23634 -12.24014 -12.24301 -12.24628 -12.25139
 -12.25530 -12.25935 -12.26606 -12.27364 -12.28450 -12.30474 -12.32458 -12.34966
 -12.39772 -12.39812 -12.39875 -12.39994 -12.40102 -12.40220 -12.40396 -12.40564
 -12.40773 -12.41075 -12.41260 -12.41467 -12.41839 -12.42158 -12.42491 -12.42948
 -12.43320 -12.43741 -12.44425 -12.45114 -12.46142 -12.48157 -12.50103 -12.52532
 -12.61705 -12.61776 -12.61834 -12.61887 -12.61937 -12.62021 -12.62200 -12.62376
 -12.62569 -12.62857 -12.63117 -12.63336 -12.63601 -12.63963 -12.64349 -12.64790
 -12.65184 -12.65589 -12.66144 -12.66743 -12.67713 -12.69697 -12.71619 -12.73971
 -12.77559 -12.77659 -12.77755 -12.77863 -12.77939 -12.78017 -12.78136 -12.78241
 -12.78359 -12.78622 -12.78983 -12.79281 -12.79498 -12.79787 -12.80153 -12.80639
 -12.80993 -12.81328 -12.81818 -12.82392 -12.83345 -12.85284 -12.87115 -12.89256
 -12.99958 -12.99958 -13.00004 -13.00141 -13.00265 -13.00372 -13.00492 -13.00634
 -13.00878 -13.01205 -13.01200 -13.01223 -13.01613 -13.02080 -13.02490 -13.02804
 -13.03004 -13.03358 -13.04087 -13.04648 -13.05373 -13.06876 -13.08513 -13.10628
 -13.30733 -13.30775 -13.30810 -13.30851 -13.30893 -13.30960 -13.31099 -13.31240
 -13.31407 -13.31640 -13.31795 -13.31966 -13.32262 -13.32531 -13.32826 -13.33236
 -13.33552 -13.33897 -13.34449 -13.34979 -13.35685 -13.37070 -13.38609 -13.40575
 -13.52652 -13.52694 -13.52729 -13.52770 -13.52812 -13.52877 -13.53014 -13.53152
 -13.53317 -13.53547 -13.53701 -13.53872 -13.54167 -13.54436 -13.54731 -13.55141
 -13.55456 -13.55802 -13.56354 -13.56884 -13.57590 -13.58975 -13.60515 -13.62482
 -13.75887 -13.75929 -13.75964 -13.76005 -13.76046 -13.76111 -13.76247 -13.76383
 -13.76546 -13.76774 -13.76928 -13.77098 -13.77393 -13.77662 -13.77957 -13.78366
 -13.78682 -13.79028 -13.79580 -13.80110 -13.80816 -13.82202 -13.83741 -13.85708
 -14.02301 -14.02343 -14.02378 -14.02418 -14.02459 -14.02524 -14.02659 -14.02794
 -14.02956 -14.03183 -14.03336 -14.03506 -14.03801 -14.04069 -14.04365 -14.04774
 -14.05090 -14.05435 -14.05987 -14.06517 -14.07223 -14.08609 -14.10149 -14.12116
 -10.30131 -10.30461 -10.31062 -10.30809 -10.28698 -10.25028 -10.21144 -10.21713
 -10.24709 -10.25479 -10.19272 -10.07427  -9.96707  -9.90646  -9.82139  -9.67787
  -9.55494  -9.41276  -9.16433  -8.96697  -8.76580  -8.40117  -8.06152  -7.68888
 -10.42527 -10.42687 -10.43036 -10.42678 -10.40926 -10.37970 -10.34716 -10.34799
 -10.36693 -10.36801 -10.31591 -10.22095 -10.13039 -10.07456  -9.99859  -9.87159
  -9.76226  -9.63600  -9.41791  -9.23976  -9.05298  -8.72379  -8.42004  -8.08511
 -10.58119 -10.58072 -10.58114 -10.57627 -10.56319 -10.54241 -10.51761 -10.51265
 -10.51786 -10.50999 -10.47094 -10.40546 -10.33532 -10.28565 -10.22116 -10.11492
 -10.02249  -9.91582  -9.73541  -9.58170  -9.41367  -9.12926  -8.87065  -8.58329
 -10.68373 -10.68196 -10.68041 -10.67470 -10.66452 -10.64937 -10.62953 -10.62099
 -10.61725 -10.60312 -10.57296 -10.52681 -10.46977 -10.42427 -10.36733 -10.27474
 -10.19331 -10.09924  -9.94328  -9.80582  -9.65054  -9.39571  -9.16678  -8.91080
 -10.79230 -10.78918 -10.78559 -10.77903 -10.77186 -10.76256 -10.74788 -10.73574
 -10.72258 -10.70150 -10.68102 -10.65530 -10.61184 -10.57084 -10.52191 -10.44374
 -10.37385 -10.29287 -10.16248 -10.04240  -9.90100  -9.67760  -9.48006  -9.25740
 -10.91518 -10.91120 -10.90619 -10.89927 -10.89482 -10.89050 -10.88053 -10.86625
 -10.84631 -10.82044 -10.80873 -10.80033 -10.76955 -10.73417 -10.69385 -10.63049
 -10.57305 -10.50623 -10.40110 -10.30259 -10.18404  -9.99857  -9.83535  -9.65056
 -11.00107 -10.99846 -10.99522 -10.98999 -10.98531 -10.97974 -10.96992 -10.95979
 -10.94732 -10.92926 -10.91597 -10.90148 -10.87217 -10.84238 -10.80694 -10.74982
 -10.69985 -10.64212 -10.54540 -10.46653 -10.38205 -10.22920 -10.08687  -9.92865
 -11.12248 -11.12094 -11.11895 -11.11544 -11.11194 -11.10762 -11.10054 -11.09410
 -11.08665 -11.07514 -11.06504 -11.05298 -11.03150 -11.01081 -10.98602 -10.94541
 -10.90926 -10.86779 -10.80004 -10.73786 -10.66503 -10.54778 -10.44159 -10.31957
 -11.27645 -11.27558 -11.27445 -11.27242 -11.27039 -11.26791 -11.26397 -11.26053
 -11.25660 -11.25013 -11.24387 -11.23625 -11.22396 -11.21207 -11.19736 -11.17376
 -11.15260 -11.12781 -11.08711 -11.04909 -11.00368 -10.92988 -10.86287 -10.78516
 -11.37955 -11.37897 -11.37848 -11.37748 -11.37611 -11.37411 -11.37092 -11.36844
 -11.36590 -11.36172 -11.35734 -11.35182 -11.34331 -11.33517 -11.32499 -11.30881
 -11.29394 -11.27621 -11.24775 -11.22078 -11.18786 -11.13456 -11.08649 -11.03052
 -11.48902 -11.48866 -11.48842 -11.48788 -11.48699 -11.48560 -11.48339 -11.48172
 -11.48006 -11.47719 -11.47397 -11.46999 -11.46485 -11.46009 -11.45348 -11.44162
 -11.43150 -11.42026 -11.40015 -11.38125 -11.35929 -11.32302 -11.28997 -11.25147
 -11.61324 -11.61247 -11.61169 -11.61101 -11.61105 -11.61147 -11.61154 -11.61037
 -11.60807 -11.60487 -11.60356 -11.60258 -11.59784 -11.59396 -11.59090 -11.58384
 -11.57781 -11.57170 -11.55888 -11.54605 -11.53158 -11.50939 -11.48876 -11.46354
 -11.70468 -11.70439 -11.70409 -11.70373 -11.70351 -11.70331 -11.70281 -11.70204
 -11.70092 -11.69927 -11.69816 -11.69700 -11.69429 -11.69175 -11.68900 -11.68413
 -11.67984 -11.67488 -11.66557 -11.65676 -11.64656 -11.62979 -11.61475 -11.59751
 -11.84039 -11.84033 -11.84019 -11.83991 -11.83967 -11.83941 -11.83902 -11.83866
 -11.83822 -11.83743 -11.83661 -11.83563 -11.83425 -11.83289 -11.83104 -11.82791
 -11.82523 -11.82217 -11.81679 -11.81168 -11.80561 -11.79548 -11.78633 -11.77578
 -11.96760 -11.96756 -11.96751 -11.96747 -11.96753 -11.96764 -11.96773 -11.96761
 -11.96733 -11.96697 -11.96692 -11.96696 -11.96652 -11.96624 -11.96613 -11.96522
 -11.96431 -11.96352 -11.96205 -11.96042 -11.95833 -11.95505 -11.95205 -11.94839
 -11.96338 -11.96342 -11.96352 -11.96374 -11.96399 -11.96429 -11.96480 -11.96526
 -11.96580 -11.96661 -11.96729 -11.96802 -11.96905 -11.97018 -11.97168 -11.97380
 -11.97565 -11.97782 -11.98081 -11.98289 -11.98493 -11.98833 -11.99125 -11.99413
 -11.87558 -11.87581 -11.87608 -11.87658 -11.87712 -11.87785 -11.87913 -11.88036
 -11.88181 -11.88394 -11.88564 -11.88756 -11.89105 -11.89424 -11.89787 -11.90416
 -11.90982 -11.91599 -11.92501 -11.93281 -11.94169 -11.95496 -11.96613 -11.97817
 -11.77127 -11.77176 -11.77263 -11.77401 -11.77493 -11.77569 -11.77688 -11.77828
 -11.78024 -11.78350 -11.78631 -11.78934 -11.79395 -11.79859 -11.80456 -11.81403
 -11.82239 -11.83180 -11.84569 -11.85797 -11.87228 -11.89419 -11.91299 -11.93362
 -11.74087 -11.74132 -11.74151 -11.74179 -11.74237 -11.74346 -11.74577 -11.74820
 -11.75105 -11.75471 -11.75681 -11.75899 -11.76505 -11.77073 -11.77655 -11.78673
 -11.79610 -11.80652 -11.82248 -11.83655 -11.85266 -11.87768 -11.89950 -11.92366
 -11.77258 -11.77306 -11.77342 -11.77401 -11.77475 -11.77587 -11.77798 -11.78005
 -11.78250 -11.78620 -11.78922 -11.79261 -11.79838 -11.80367 -11.80994 -11.82087
 -11.83103 -11.84248 -11.85942 -11.87430 -11.89164 -11.91884 -11.94296 -11.97004
 -11.91336 -11.91364 -11.91402 -11.91479 -11.91565 -11.91680 -11.91875 -11.92056
 -11.92270 -11.92625 -11.92963 -11.93354 -11.93915 -11.94427 -11.95072 -11.96160
 -11.97169 -11.98333 -12.00103 -12.01640 -12.03415 -12.06283 -12.08796 -12.11597
 -12.04641 -12.04673 -12.04717 -12.04797 -12.04877 -12.04981 -12.05170 -12.05365
 -12.05606 -12.05977 -12.06283 -12.06622 -12.07195 -12.07714 -12.08322 -12.09387
 -12.10387 -12.11534 -12.13293 -12.14811 -12.16546 -12.19377 -12.21899 -12.24734
 -12.21103 -12.21147 -12.21208 -12.21305 -12.21383 -12.21470 -12.21635 -12.21827
 -12.22079 -12.22456 -12.22736 -12.23032 -12.23595 -12.24137 -12.24761 -12.25782
 -12.26745 -12.27879 -12.29592 -12.31044 -12.32712 -12.35502 -12.38011 -12.40832
 -12.41935 -12.41987 -12.42049 -12.42145 -12.42228 -12.42321 -12.42465 -12.42596
 -12.42759 -12.43058 -12.43376 -12.43758 -12.44274 -12.44767 -12.45403 -12.46387
 -12.47312 -12.48406 -12.49976 -12.51422 -12.53194 -12.55902 -12.58295 -12.61036
 -12.57880 -12.57951 -12.58019 -12.58105 -12.58169 -12.58235 -12.58337 -12.58438
 -12.58578 -12.58878 -12.59234 -12.59673 -12.60217 -12.60643 -12.61160 -12.62061
 -12.62934 -12.63991 -12.65683 -12.67077 -12.68611 -12.71246 -12.73640 -12.76316
 -12.81672 -12.81719 -12.81777 -12.81862 -12.81927 -12.81997 -12.82117 -12.82246
 -12.82420 -12.82730 -12.83033 -12.83384 -12.83872 -12.84285 -12.84791 -12.85696
 -12.86572 -12.87603 -12.89189 -12.90552 -12.92108 -12.94646 -12.96930 -12.99542
 -13.12770 -13.12798 -13.12843 -13.12922 -13.12995 -13.13081 -13.13221 -13.13355
 -13.13519 -13.13789 -13.14040 -13.14337 -13.14811 -13.15242 -13.15754 -13.16596
 -13.17400 -13.18373 -13.19912 -13.21247 -13.22757 -13.25165 -13.27340 -13.29854
 -13.33925 -13.33956 -13.34025 -13.34141 -13.34217 -13.34278 -13.34375 -13.34498
 -13.34675 -13.34973 -13.35226 -13.35501 -13.35929 -13.36344 -13.36859 -13.37689
 -13.38484 -13.39450 -13.40935 -13.42245 -13.43760 -13.46131 -13.48240 -13.50681
 -13.57161 -13.57191 -13.57260 -13.57376 -13.57453 -13.57513 -13.57611 -13.57733
 -13.57911 -13.58208 -13.58462 -13.58737 -13.59165 -13.59580 -13.60095 -13.60924
 -13.61719 -13.62685 -13.64171 -13.65480 -13.66995 -13.69366 -13.71475 -13.73916
 -13.83574 -13.83605 -13.83674 -13.83790 -13.83866 -13.83927 -13.84024 -13.84147
 -13.84324 -13.84622 -13.84875 -13.85150 -13.85578 -13.85993 -13.86508 -13.87338
 -13.88133 -13.89099 -13.90584 -13.91894 -13.93409 -13.95780 -13.97889 -14.00330
 -10.14239 -10.12558 -10.10820 -10.09390 -10.08884 -10.08334 -10.06760 -10.04815
 -10.02399  -9.98739  -9.95552  -9.91796  -9.85636  -9.79865  -9.72903  -9.61329
  -9.50849  -9.38901  -9.19809  -9.02550  -8.82748  -8.51865  -8.23662  -7.90679
 -10.25650 -10.24236 -10.22769 -10.21518 -10.21019 -10.20462 -10.18988 -10.17219
 -10.15035 -10.11716 -10.08825 -10.05435  -9.99916  -9.94733  -9.88438  -9.77968
  -9.68471  -9.57619  -9.40336  -9.24741  -9.06822  -8.78771  -8.53160  -8.23268
 -10.40026 -10.38949 -10.37823 -10.36798 -10.36309 -10.35741 -10.34392 -10.32847
 -10.30954 -10.28066 -10.25547 -10.22618 -10.17907 -10.13464 -10.08010  -9.98930
  -9.90671  -9.81202  -9.66196  -9.52699  -9.37152  -9.12668  -8.90323  -8.64324
 -10.49496 -10.48639 -10.47739 -10.46862 -10.46380 -10.45805 -10.44539 -10.43141
 -10.41440 -10.38835 -10.36562 -10.33936 -10.29758 -10.25803 -10.20902 -10.12738
 -10.05294  -9.96736  -9.83230  -9.71114  -9.57129  -9.34996  -9.14802  -8.91368
 -10.59533 -10.58912 -10.58250 -10.57530 -10.57056 -10.56473 -10.55295 -10.54053
 -10.52556 -10.50250 -10.48238 -10.45934 -10.42320 -10.38882 -10.34568 -10.27374
 -10.20796 -10.13202 -10.01286  -9.90635  -9.78307  -9.58664  -9.40750  -9.20035
 -10.70944 -10.70590 -10.70199 -10.69659 -10.69191 -10.68601 -10.67522 -10.66457
 -10.65191 -10.63227 -10.61511 -10.59572 -10.56600 -10.53750 -10.50104 -10.44013
 -10.38417 -10.31920 -10.21813 -10.12827 -10.02381  -9.85570  -9.70248  -9.52623
 -10.79059 -10.78883 -10.78671 -10.78248 -10.77788 -10.77197 -10.76200 -10.75270
 -10.74175 -10.72456 -10.70948 -10.69266 -10.66746 -10.64306 -10.61120 -10.55810
 -10.50923 -10.45216 -10.36389 -10.28575 -10.19462 -10.04666  -9.91184  -9.75746
 -10.90690 -10.90621 -10.90500 -10.90152 -10.89738 -10.89232 -10.88470 -10.87803
 -10.87001 -10.85661 -10.84443 -10.83097 -10.81145 -10.79209 -10.76598 -10.72363
 -10.68555 -10.64087 -10.57033 -10.50769 -10.43519 -10.31644 -10.20772 -10.08336
 -11.05405 -11.05273 -11.05130 -11.04915 -11.04714 -11.04453 -11.03979 -11.03513
 -11.02959 -11.02092 -11.01319 -11.00423 -10.99012 -10.97737 -10.96180 -10.93330
 -10.90675 -10.87729 -10.83021 -10.78731 -10.73735 -10.65599 -10.58081 -10.49333
 -11.15203 -11.15130 -11.15043 -11.14893 -11.14742 -11.14549 -11.14215 -11.13894
 -11.13505 -11.12875 -11.12318 -11.11704 -11.10804 -11.09914 -11.08718 -11.06753
 -11.04930 -11.02768 -10.99502 -10.96458 -10.92660 -10.86665 -10.81207 -10.74713
 -11.25778 -11.25746 -11.25700 -11.25590 -11.25467 -11.25319 -11.25096 -11.24897
 -11.24652 -11.24230 -11.23839 -11.23405 -11.22779 -11.22182 -11.21384 -11.19990
 -11.18693 -11.17186 -11.14768 -11.12561 -11.09976 -11.05804 -11.01927 -10.97287
 -11.38024 -11.37997 -11.37949 -11.37847 -11.37746 -11.37638 -11.37498 -11.37385
 -11.37241 -11.36974 -11.36717 -11.36433 -11.36038 -11.35658 -11.35136 -11.34228
 -11.33378 -11.32382 -11.30809 -11.29374 -11.27645 -11.24724 -11.22019 -11.18899
 -11.46690 -11.46695 -11.46700 -11.46676 -11.46629 -11.46557 -11.46431 -11.46315
 -11.46183 -11.45988 -11.45819 -11.45625 -11.45314 -11.45004 -11.44610 -11.43987
 -11.43375 -11.42603 -11.41486 -11.40451 -11.39102 -11.36915 -11.34920 -11.32557
 -11.59292 -11.59231 -11.59180 -11.59163 -11.59175 -11.59174 -11.59103 -11.58996
 -11.58867 -11.58700 -11.58587 -11.58491 -11.58380 -11.58208 -11.57905 -11.57481
 -11.57113 -11.56624 -11.55860 -11.55176 -11.54348 -11.52972 -11.51645 -11.50041
 -11.75351 -11.75353 -11.75360 -11.75379 -11.75390 -11.75381 -11.75313 -11.75233
 -11.75158 -11.75103 -11.75074 -11.75011 -11.74815 -11.74662 -11.74574 -11.74427
 -11.74264 -11.74045 -11.73575 -11.73164 -11.72744 -11.71850 -11.71032 -11.70226
 -11.86373 -11.86365 -11.86366 -11.86396 -11.86419 -11.86406 -11.86291 -11.86160
 -11.86056 -11.86049 -11.86102 -11.86112 -11.85942 -11.85852 -11.85900 -11.85718
 -11.85514 -11.85435 -11.85103 -11.84775 -11.84535 -11.83937 -11.83331 -11.82755
 -11.98259 -11.98255 -11.98259 -11.98282 -11.98297 -11.98282 -11.98177 -11.98055
 -11.97940 -11.97864 -11.97862 -11.97877 -11.97884 -11.97916 -11.97946 -11.97692
 -11.97507 -11.97538 -11.97393 -11.97124 -11.96901 -11.96726 -11.96391 -11.95740
 -12.11984 -12.11987 -12.11985 -12.11968 -12.11948 -12.11928 -12.11913 -12.11910
 -12.11909 -12.11904 -12.11891 -12.11865 -12.11809 -12.11792 -12.11805 -12.11733
 -12.11639 -12.11575 -12.11491 -12.11393 -12.11256 -12.11038 -12.10834 -12.10584
 -12.22078 -12.22078 -12.22078 -12.22077 -12.22075 -12.22069 -12.22054 -12.22039
 -12.22025 -12.22013 -12.22009 -12.22007 -12.22004 -12.21981 -12.21938 -12.21916
 -12.21900 -12.21849 -12.21780 -12.21716 -12.21620 -12.21476 -12.21338 -12.21157
 -12.36847 -12.36845 -12.36846 -12.36854 -12.36860 -12.36857 -12.36826 -12.36788
 -12.36752 -12.36729 -12.36730 -12.36737 -12.36745 -12.36741 -12.36734 -12.36746
 -12.36725 -12.36656 -12.36628 -12.36619 -12.36554 -12.36460 -12.36403 -12.36338
 -12.56255 -12.56255 -12.56255 -12.56255 -12.56254 -12.56255 -12.56257 -12.56259
 -12.56261 -12.56262 -12.56262 -12.56261 -12.56262 -12.56262 -12.56261 -12.56259
 -12.56261 -12.56267 -12.56264 -12.56271 -12.56285 -12.56207 -12.56147 -12.56152
 -12.69663 -12.69663 -12.69663 -12.69663 -12.69663 -12.69663 -12.69662 -12.69661
 -12.69660 -12.69660 -12.69660 -12.69660 -12.69660 -12.69660 -12.69662 -12.69663
 -12.69661 -12.69657 -12.69656 -12.69655 -12.69653 -12.69661 -12.69687 -12.69731
 -12.84611 -12.84611 -12.84611 -12.84611 -12.84611 -12.84611 -12.84611 -12.84612
 -12.84612 -12.84612 -12.84612 -12.84612 -12.84612 -12.84611 -12.84609 -12.84606
 -12.84609 -12.84616 -12.84616 -12.84619 -12.84625 -12.84589 -12.84647 -12.84835
 -13.02302 -13.02302 -13.02302 -13.02302 -13.02302 -13.02302 -13.02302 -13.02302
 -13.02302 -13.02302 -13.02302 -13.02302 -13.02303 -13.02302 -13.02300 -13.02292
 -13.02302 -13.02335 -13.02353 -13.02345 -13.02343 -13.02365 -13.02399 -13.02438
 -13.14808 -13.14808 -13.14808 -13.14808 -13.14809 -13.14809 -13.14808 -13.14807
 -13.14808 -13.14810 -13.14812 -13.14811 -13.14802 -13.14815 -13.14853 -13.14872
 -13.14866 -13.14866 -13.14870 -13.14866 -13.14862 -13.14911 -13.14943 -13.14931
 -13.32385 -13.32385 -13.32385 -13.32385 -13.32385 -13.32385 -13.32385 -13.32385
 -13.32385 -13.32385 -13.32386 -13.32385 -13.32384 -13.32386 -13.32392 -13.32383
 -13.32401 -13.32459 -13.32490 -13.32480 -13.32475 -13.32469 -13.32494 -13.32555
 -13.54511 -13.54511 -13.54511 -13.54511 -13.54511 -13.54511 -13.54511 -13.54511
 -13.54511 -13.54511 -13.54511 -13.54511 -13.54511 -13.54511 -13.54512 -13.54513
 -13.54513 -13.54510 -13.54495 -13.54516 -13.54587 -13.54665 -13.54673 -13.54660
 -13.67934 -13.67934 -13.67934 -13.67934 -13.67934 -13.67934 -13.67934 -13.67934
 -13.67934 -13.67934 -13.67934 -13.67934 -13.67934 -13.67934 -13.67933 -13.67933
 -13.67933 -13.67934 -13.67943 -13.67929 -13.67901 -13.67994 -13.68080 -13.68078
 -13.85652 -13.85652 -13.85652 -13.85652 -13.85652 -13.85652 -13.85652 -13.85652
 -13.85652 -13.85652 -13.85652 -13.85652 -13.85652 -13.85652 -13.85652 -13.85652
 -13.85652 -13.85652 -13.85653 -13.85652 -13.85650 -13.85660 -13.85643 -13.85621
 -14.12066 -14.12066 -14.12066 -14.12066 -14.12066 -14.12066 -14.12066 -14.12066
 -14.12066 -14.12066 -14.12066 -14.12066 -14.12066 -14.12066 -14.12066 -14.12066
 -14.12066 -14.12066 -14.12067 -14.12065 -14.12064 -14.12074 -14.12057 -14.12034
C-------------------------------------------------------------------------------
C
C     RATE COEFFICIENTS IN UNITS OF CM**3 S-1 
C     --------------------------------------- 
C
C     INPUT DATA
C         FOR YEAR: 96 AND WITH PREFIX: pj
C         FOR c  RECOMBINING ION CHARGE(S)  1 TO  6
C
C     CODE     : ADAS404
C     PRODUCER : Martin O'Mullane              
C     DATE     : 04/11/99
C
C-------------------------------------------------------------------------------
 
C---------------------------------------------------------------------------------
C ADAS ADF11 DATA - SCCS info: @(#)$Header: /home/adascvs/adas/adf11/acd96/acd96_c.dat,v 2.1 2004/07/07 00:02:01 whitefor Exp $ Date $Date: 2004/07/07 00:02:01 $
C---------------------------------------------------------------------------------

C-----------------------------------------------------------------------
C                               OPEN-ADAS
C                               +++++++++
C
C This file has been downloaded from OPEN-ADAS (http://open.adas.ac.uk)
C on 23-Apr-2020.
C
C TERMS AND CONDITIONS
C --------------------
C
C The user of the OPEN-ADAS system and data (hereinafter "the User")
C accepts the following terms and conditions:
C
C   1. The University of Strathclyde uses all reasonable endeavours to
C      ensure the accuracy of the data provided and any information
C      given, but the University makes no warranty, expressed or implied
C      as to its accuracy, integrity, fitness for purpose and shall not
C      be responsible for the use to which the data is put by the User
C      and/or any consequences arising out of any inaccuracies or
C      omissions.
C
C   2. Any downloaded OPEN-ADAS file is made available for the
C      personal use of the User only.  It must not be used for any
C      commercial application, incorporated into any web site or in
C      any form re-distributed without express prior written permission
C      from the ADAS Project. In particular, but not by way of
C      limitation, it must not be:
C        *  inserted into a managed database structure,
C        *  redistributed along with a modelling or analysis code,
C        *  made available on a public website.
C
C Permission for OPEN-ADAS data incorporation in non-commercial
C code/system development for scientific advance will not be
C unreasonably withheld, but will be subject to written agreement
C on a case by case basis.
C
C The User will indemnify the University of Strathclyde and keep it
C fully and effectively indemnified against each and every claim made
C against the University as a result of the User's use of the data.
C
C-----------------------------------------------------------------------
