    4   24   25
   4.00000   4.47712   5.00000   5.47712   6.00000   6.47712   7.00000   7.47712
   8.00000   8.47712   9.00000   9.47712  10.00000  10.47712  11.00000  11.47712
  12.00000  12.47712  13.00000  13.47712  14.00000  14.47712  15.00000  15.47712
  -0.69877  -0.52268  -0.30083  -0.15470   0.07938   0.30123   0.47732   0.65341
   0.84530   1.04159   1.25547   1.44736   1.65341   1.84530   2.00020   2.23065
   2.43157   2.63367   2.82628   3.02139   3.21690   3.39814   3.60766   3.79954
   4.00020
 -11.73104 -11.72938 -11.72632 -11.72212 -11.71707 -11.71234 -11.70362 -11.69297
 -11.67785 -11.65762 -11.63018 -11.59608 -11.54332 -11.48059 -11.38744 -11.27318
 -11.09819 -10.86479 -10.51071 -10.12532  -9.66904  -9.22572  -8.72036  -8.24323
 -11.75493 -11.75391 -11.75235 -11.75023 -11.74731 -11.74430 -11.74012 -11.73407
 -11.72499 -11.71385 -11.70000 -11.68269 -11.65212 -11.61881 -11.56644 -11.49950
 -11.38788 -11.21870 -10.93802 -10.62373 -10.23910  -9.84406  -9.37278  -8.89566
 -11.77739 -11.78090 -11.78433 -11.78719 -11.78987 -11.79162 -11.79221 -11.79200
 -11.79068 -11.78798 -11.78309 -11.77593 -11.76403 -11.75059 -11.72686 -11.69682
 -11.63982 -11.54473 -11.37708 -11.18396 -10.92683 -10.63860 -10.27031  -9.79319
 -11.66839 -11.68530 -11.70374 -11.72116 -11.73881 -11.75204 -11.76500 -11.77602
 -11.78845 -11.79751 -11.80540 -11.81042 -11.81308 -11.81189 -11.80592 -11.79276
 -11.76222 -11.70526 -11.60198 -11.48282 -11.31225 -11.11190 -10.83904 -10.36192
 -11.30476 -11.34217 -11.38503 -11.42767 -11.47524 -11.51555 -11.55489 -11.59292
 -11.63826 -11.67970 -11.72046 -11.75656 -11.79691 -11.83007 -11.86094 -11.88131
 -11.88905 -11.87861 -11.84693 -11.80175 -11.72834 -11.63766 -11.50064 -11.02352
 -11.11808 -11.16104 -11.21079 -11.26175 -11.32032 -11.37155 -11.42359 -11.47568
 -11.53793 -11.59688 -11.65947 -11.71783 -11.78437 -11.84371 -11.90388 -11.95013
 -11.98631 -12.00703 -12.01782 -12.01527 -12.00060 -11.97989 -11.93685 -11.45973
 -11.10484 -11.14932 -11.20095 -11.25415 -11.31639 -11.37212 -11.42837 -11.48405
 -11.55237 -11.61838 -11.69093 -11.75742 -11.83633 -11.90815 -11.98276 -12.04154
 -12.09109 -12.12560 -12.15371 -12.17021 -12.18180 -12.19508 -12.20527 -11.72815
 -11.17867 -11.22417 -11.27653 -11.32988 -11.39336 -11.45173 -11.50939 -11.56785
 -11.63829 -11.70732 -11.78474 -11.85713 -11.94208 -12.02117 -12.10415 -12.16961
 -12.22645 -12.26830 -12.30542 -12.33215 -12.36043 -12.39513 -12.43982 -11.96270
 -11.32576 -11.37150 -11.42422 -11.47825 -11.54242 -11.60169 -11.66165 -11.71853
 -11.79146 -11.86259 -11.94069 -12.01576 -12.10451 -12.18747 -12.27468 -12.34369
 -12.40452 -12.45027 -12.49235 -12.52447 -12.56316 -12.61467 -12.67779 -12.20067
 -11.52483 -11.56957 -11.62118 -11.67504 -11.73960 -11.79929 -11.85976 -11.91690
 -11.98989 -12.06074 -12.13991 -12.21588 -12.30689 -12.39000 -12.47762 -12.54843
 -12.61076 -12.65751 -12.70149 -12.73813 -12.78324 -12.84163 -12.91516 -12.43804
 -11.77480 -11.82051 -11.87188 -11.92348 -11.98607 -12.04631 -12.10667 -12.16269
 -12.23328 -12.30345 -12.38237 -12.45702 -12.54410 -12.62759 -12.71446 -12.78301
 -12.84283 -12.88731 -12.93084 -12.96848 -13.01616 -13.07586 -13.14776 -12.67064
 -12.01509 -12.05900 -12.10844 -12.15888 -12.22046 -12.27964 -12.33892 -12.39330
 -12.45993 -12.52677 -12.60215 -12.67307 -12.75554 -12.82931 -12.91001 -12.97292
 -13.02640 -13.06630 -13.10544 -13.13967 -13.18426 -13.23544 -13.29571 -12.81859
 -12.27725 -12.31999 -12.36735 -12.41430 -12.47123 -12.52695 -12.58393 -12.63309
 -12.69353 -12.75359 -12.81991 -12.88076 -12.95080 -13.01487 -13.07976 -13.12996
 -13.17262 -13.20378 -13.23536 -13.26349 -13.29828 -13.33706 -13.37856 -12.90144
 -12.51722 -12.55726 -12.60131 -12.64465 -12.69649 -12.74656 -12.79782 -12.84145
 -12.89347 -12.94376 -12.99972 -13.04951 -13.10508 -13.15510 -13.20518 -13.24348
 -13.27542 -13.29904 -13.32327 -13.34621 -13.37284 -13.40019 -13.42889 -12.95177
 -12.71967 -12.75801 -12.80013 -12.84111 -12.88948 -12.93616 -12.98550 -13.02600
 -13.07268 -13.11882 -13.17015 -13.21445 -13.26420 -13.30840 -13.35206 -13.38674
 -13.41527 -13.43599 -13.45772 -13.47849 -13.50311 -13.52590 -13.55079 -13.07367
 -13.05083 -13.08952 -13.13155 -13.17151 -13.21898 -13.26617 -13.31633 -13.35568
 -13.40284 -13.44850 -13.49941 -13.54582 -13.59622 -13.64109 -13.68843 -13.72581
 -13.75627 -13.78090 -13.80226 -13.82506 -13.84816 -13.87551 -13.90256 -13.42544
 -13.34621 -13.38560 -13.42847 -13.46858 -13.51607 -13.56357 -13.61455 -13.65673
 -13.70366 -13.75029 -13.80227 -13.84938 -13.90287 -13.95171 -14.00305 -14.04428
 -14.07945 -14.10459 -14.12963 -14.15214 -14.18078 -14.20947 -14.23877 -13.76165
 -13.64937 -13.68876 -13.73163 -13.77174 -13.81923 -13.86672 -13.91771 -13.95989
 -14.00682 -14.05344 -14.10543 -14.15253 -14.20603 -14.25487 -14.30621 -14.34743
 -14.38261 -14.40775 -14.43279 -14.45529 -14.48394 -14.51263 -14.54193 -14.06481
 -13.93828 -13.97767 -14.02054 -14.06065 -14.10814 -14.15563 -14.20662 -14.24880
 -14.29573 -14.34235 -14.39434 -14.44144 -14.49494 -14.54378 -14.59511 -14.63634
 -14.67152 -14.69666 -14.72170 -14.74420 -14.77285 -14.80154 -14.83084 -14.35372
 -14.23095 -14.27034 -14.31321 -14.35332 -14.40081 -14.44830 -14.49929 -14.54147
 -14.58840 -14.63502 -14.68701 -14.73412 -14.78761 -14.83645 -14.88779 -14.92902
 -14.96419 -14.98933 -15.01437 -15.03687 -15.06552 -15.09421 -15.12351 -14.64639
 -14.52420 -14.56360 -14.60647 -14.64658 -14.69406 -14.74156 -14.79255 -14.83473
 -14.88165 -14.92828 -14.98026 -15.02737 -15.08087 -15.12971 -15.18104 -15.22227
 -15.25745 -15.28259 -15.30762 -15.33013 -15.35878 -15.38746 -15.41677 -14.93965
 -14.79607 -14.83547 -14.87834 -14.91845 -14.96593 -15.01343 -15.06442 -15.10660
 -15.15352 -15.20015 -15.25213 -15.29924 -15.35274 -15.40158 -15.45291 -15.49414
 -15.52932 -15.55446 -15.57949 -15.60200 -15.63065 -15.65933 -15.68864 -15.21152
 -15.11035 -15.14974 -15.19261 -15.23272 -15.28021 -15.32770 -15.37869 -15.42087
 -15.46780 -15.51442 -15.56641 -15.61351 -15.66701 -15.71585 -15.76718 -15.80841
 -15.84359 -15.86873 -15.89377 -15.91627 -15.94492 -15.97361 -16.00291 -15.52579
 -15.39817 -15.43757 -15.48044 -15.52055 -15.56804 -15.61553 -15.66652 -15.70870
 -15.75563 -15.80225 -15.85423 -15.90134 -15.95484 -16.00368 -16.05501 -16.09624
 -16.13142 -16.15656 -16.18159 -16.20410 -16.23275 -16.26143 -16.29074 -15.81362
 -15.69916 -15.73856 -15.78143 -15.82154 -15.86902 -15.91652 -15.96751 -16.00969
 -16.05661 -16.10324 -16.15522 -16.20233 -16.25583 -16.30467 -16.35600 -16.39723
 -16.43241 -16.45755 -16.48258 -16.50509 -16.53374 -16.56242 -16.59173 -16.11461
 -11.35617 -11.35250 -11.34689 -11.33850 -11.32972 -11.32661 -11.31975 -11.29051
 -11.24460 -11.21194 -11.16198 -11.11420 -11.02750 -10.91650 -10.79747 -10.64462
 -10.41728 -10.16101  -9.82898  -9.48216  -9.07928  -8.68053  -8.19020  -7.71725
 -11.48315 -11.47952 -11.47486 -11.47012 -11.46258 -11.45134 -11.43387 -11.41572
 -11.39328 -11.36713 -11.32358 -11.28980 -11.22544 -11.14693 -11.03471 -10.90674
 -10.72058 -10.54724 -10.29281 -10.01706  -9.69088  -9.34312  -8.89055  -8.43400
 -11.63964 -11.63806 -11.63578 -11.63290 -11.62843 -11.62268 -11.61422 -11.60412
 -11.58987 -11.57329 -11.54878 -11.51605 -11.46869 -11.41440 -11.34077 -11.25132
 -11.12290 -10.98393 -10.79535 -10.59698 -10.34753 -10.05535  -9.64015  -9.20293
 -11.74511 -11.74387 -11.74270 -11.74121 -11.73855 -11.73467 -11.72815 -11.71963
 -11.70879 -11.69877 -11.68226 -11.65837 -11.62554 -11.58623 -11.53143 -11.46550
 -11.37092 -11.26457 -11.12433 -10.97721 -10.78062 -10.52400 -10.13733  -9.71486
 -11.91772 -11.91684 -11.91508 -11.91371 -11.91240 -11.91080 -11.90779 -11.90335
 -11.89781 -11.89303 -11.88151 -11.86761 -11.85008 -11.82766 -11.79472 -11.75609
 -11.70042 -11.63742 -11.55478 -11.46533 -11.33278 -11.14051 -10.82871 -10.46656
 -12.08442 -12.08435 -12.08415 -12.08373 -12.08293 -12.08183 -12.08006 -12.07775
 -12.07444 -12.07073 -12.06510 -12.05787 -12.04671 -12.03335 -12.01480 -11.99108
 -11.95964 -11.92437 -11.87672 -11.82372 -11.74022 -11.60819 -11.39108 -11.13174
 -12.22005 -12.22002 -12.21996 -12.21992 -12.21972 -12.21913 -12.21793 -12.21634
 -12.21430 -12.21242 -12.20921 -12.20427 -12.19709 -12.18919 -12.17783 -12.16352
 -12.14307 -12.12105 -12.09241 -12.05948 -12.00396 -11.91461 -11.77003 -11.59730
 -12.35697 -12.35735 -12.35791 -12.35774 -12.35717 -12.35708 -12.35701 -12.35618
 -12.35471 -12.35344 -12.35113 -12.34828 -12.34451 -12.33989 -12.33279 -12.32404
 -12.31282 -12.30055 -12.28536 -12.26650 -12.23142 -12.17790 -12.09442 -11.99488
 -12.51129 -12.51158 -12.51141 -12.51143 -12.51148 -12.51109 -12.51022 -12.50929
 -12.50869 -12.50880 -12.50767 -12.50638 -12.50388 -12.50131 -12.49757 -12.49376
 -12.48877 -12.48393 -12.47681 -12.46911 -12.45250 -12.42819 -12.39619 -12.35988
 -12.67756 -12.67753 -12.67752 -12.67743 -12.67736 -12.67755 -12.67781 -12.67777
 -12.67773 -12.67785 -12.67606 -12.67620 -12.67471 -12.67451 -12.67328 -12.67137
 -12.67004 -12.66806 -12.66891 -12.66679 -12.66301 -12.65922 -12.66712 -12.67856
 -12.76090 -12.76104 -12.76117 -12.76109 -12.76130 -12.76237 -12.76381 -12.76433
 -12.76438 -12.76471 -12.76448 -12.76678 -12.76760 -12.76768 -12.76810 -12.76817
 -12.77116 -12.77225 -12.77754 -12.78528 -12.79591 -12.81539 -12.86332 -12.91832
 -12.59632 -12.59712 -12.59877 -12.60029 -12.60168 -12.60275 -12.60428 -12.60659
 -12.60982 -12.61265 -12.61453 -12.61655 -12.61971 -12.62243 -12.62588 -12.62889
 -12.63364 -12.64046 -12.65111 -12.66851 -12.69705 -12.74339 -12.83571 -12.93774
 -12.35848 -12.35961 -12.36135 -12.36265 -12.36397 -12.36590 -12.36899 -12.37242
 -12.37627 -12.37958 -12.38441 -12.38806 -12.39250 -12.39721 -12.40174 -12.40558
 -12.41077 -12.41758 -12.43155 -12.45231 -12.48955 -12.55082 -12.67704 -12.82319
 -12.27935 -12.28024 -12.28163 -12.28318 -12.28511 -12.28705 -12.28982 -12.29342
 -12.29808 -12.30233 -12.30749 -12.31191 -12.31718 -12.32182 -12.32646 -12.33120
 -12.33697 -12.34400 -12.35688 -12.37787 -12.41607 -12.47887 -12.61754 -12.78391
 -12.31263 -12.31352 -12.31448 -12.31586 -12.31790 -12.31999 -12.32292 -12.32673
 -12.33180 -12.33648 -12.34124 -12.34580 -12.35159 -12.35640 -12.36235 -12.36660
 -12.37252 -12.37898 -12.39115 -12.41148 -12.44993 -12.51217 -12.65212 -12.82554
 -12.46131 -12.46188 -12.46253 -12.46372 -12.46589 -12.46862 -12.47205 -12.47523
 -12.47937 -12.48444 -12.48973 -12.49500 -12.50045 -12.50584 -12.51143 -12.51696
 -12.52293 -12.52828 -12.54046 -12.55927 -12.59556 -12.65585 -12.79416 -12.97614
 -12.65973 -12.66082 -12.66181 -12.66300 -12.66475 -12.66676 -12.66959 -12.67299
 -12.67783 -12.68321 -12.68869 -12.69423 -12.69983 -12.70624 -12.71261 -12.71600
 -12.72133 -12.72862 -12.74009 -12.75744 -12.79209 -12.84989 -12.98113 -13.16602
 -12.90938 -12.91064 -12.91193 -12.91319 -12.91490 -12.91697 -12.91992 -12.92331
 -12.92809 -12.93356 -12.93948 -12.94485 -12.95065 -12.95810 -12.96493 -12.96942
 -12.97500 -12.98097 -12.99155 -13.00855 -13.04126 -13.09475 -13.21684 -13.39776
 -13.18214 -13.18305 -13.18413 -13.18540 -13.18733 -13.18976 -13.19320 -13.19699
 -13.20203 -13.20759 -13.21412 -13.22003 -13.22658 -13.23328 -13.24042 -13.24605
 -13.25226 -13.25842 -13.26882 -13.28509 -13.31555 -13.36371 -13.47403 -13.65128
 -13.47199 -13.47304 -13.47440 -13.47586 -13.47795 -13.48058 -13.48409 -13.48764
 -13.49265 -13.49903 -13.50603 -13.51135 -13.51926 -13.52653 -13.53382 -13.53967
 -13.54680 -13.55411 -13.56415 -13.57822 -13.60661 -13.65129 -13.75353 -13.92125
 -13.76481 -13.76586 -13.76723 -13.76869 -13.77079 -13.77342 -13.77694 -13.78049
 -13.78552 -13.79191 -13.79892 -13.80426 -13.81219 -13.81947 -13.82678 -13.83265
 -13.83979 -13.84711 -13.85715 -13.87121 -13.89960 -13.94432 -14.04663 -14.21442
 -14.03640 -14.03745 -14.03882 -14.04029 -14.04239 -14.04503 -14.04855 -14.05211
 -14.05714 -14.06354 -14.07056 -14.07590 -14.08384 -14.09114 -14.09845 -14.10433
 -14.11148 -14.11882 -14.12885 -14.14290 -14.17129 -14.21604 -14.31840 -14.48623
 -14.35046 -14.35151 -14.35289 -14.35436 -14.35646 -14.35910 -14.36262 -14.36619
 -14.37122 -14.37763 -14.38466 -14.39001 -14.39795 -14.40526 -14.41258 -14.41847
 -14.42563 -14.43296 -14.44300 -14.45704 -14.48543 -14.53020 -14.63259 -14.80046
 -14.63817 -14.63922 -14.64059 -14.64207 -14.64417 -14.64681 -14.65034 -14.65391
 -14.65894 -14.66535 -14.67238 -14.67773 -14.68569 -14.69299 -14.70033 -14.70622
 -14.71338 -14.72072 -14.73075 -14.74479 -14.77318 -14.81796 -14.92037 -15.08826
 -14.93907 -14.94012 -14.94150 -14.94297 -14.94508 -14.94772 -14.95125 -14.95482
 -14.95986 -14.96627 -14.97330 -14.97866 -14.98661 -14.99392 -15.00126 -15.00715
 -15.01432 -15.02166 -15.03169 -15.04573 -15.07412 -15.11890 -15.22132 -15.38923
-10.89048 -10.89027 -10.88631 -10.87987 -10.87142 -10.86301 -10.85239 -10.83920
 -10.81830 -10.79111 -10.75300 -10.71581 -10.65920 -10.58170 -10.47214 -10.33310
 -10.15710  -9.95730  -9.65859  -9.31259  -8.85653  -8.35935  -7.71354  -7.10198
 -11.01018 -11.00998 -11.00624 -11.00059 -10.99373 -10.98701 -10.97829 -10.96706
 -10.94915 -10.92648 -10.89484 -10.86196 -10.81344 -10.74794 -10.65289 -10.53789
 -10.38525 -10.20904  -9.95174  -9.65166  -9.25717  -8.82384  -8.25690  -7.71267
 -11.16028 -11.16010 -11.15694 -11.15251 -11.14764 -11.14292 -11.13642 -11.12764
 -11.11351 -11.09619 -11.07210 -11.04516 -11.00687 -10.95600 -10.87967 -10.79253
 -10.67008 -10.52575 -10.32012 -10.07841  -9.76092  -9.40807  -8.94130  -8.48217
 -11.25907 -11.25900 -11.25753 -11.25470 -11.25035 -11.24572 -11.23986 -11.23275
 -11.22138 -11.20569 -11.18331 -11.16305 -11.13109 -11.08732 -11.02586 -10.94122
 -10.84398 -10.73480 -10.56089 -10.36022 -10.09109  -9.79155  -9.39240  -8.99452
 -11.41574 -11.41574 -11.41543 -11.41420 -11.41158 -11.40871 -11.40519 -11.40063
 -11.39323 -11.38387 -11.37069 -11.35636 -11.33576 -11.30805 -11.26645 -11.21741
 -11.14925 -11.06762 -10.94771 -10.80852 -10.61987 -10.40423 -10.11513  -9.80550
 -11.57211 -11.57204 -11.57078 -11.56923 -11.56784 -11.56640 -11.56418 -11.56137
 -11.55704 -11.55137 -11.54335 -11.53568 -11.52412 -11.50728 -11.48226 -11.45201
 -11.41105 -11.36041 -11.28577 -11.19760 -11.07529 -10.93271 -10.73696 -10.51443
 -11.68425 -11.68457 -11.68949 -11.69373 -11.69440 -11.69385 -11.69360 -11.69256
 -11.68980 -11.68633 -11.68156 -11.67539 -11.66639 -11.65586 -11.63941 -11.61974
 -11.59218 -11.55796 -11.50720 -11.44666 -11.36244 -11.26207 -11.12372 -10.96187
 -11.84608 -11.84549 -11.83610 -11.82680 -11.82368 -11.82353 -11.82275 -11.82146
 -11.81962 -11.81755 -11.81451 -11.81037 -11.80464 -11.79781 -11.78684 -11.77449
 -11.75629 -11.73409 -11.70106 -11.66021 -11.60373 -11.53664 -11.44144 -11.32901
 -11.70521 -11.71424 -11.84044 -11.93462 -11.95836 -11.95712 -11.95972 -11.96239
 -11.96211 -11.96041 -11.95835 -11.95647 -11.95375 -11.94967 -11.94326 -11.93529
 -11.92388 -11.91011 -11.88964 -11.86440 -11.82888 -11.78675 -11.72673 -11.65473
 -12.08925 -12.09017 -12.10395 -12.11616 -12.11947 -12.11902 -12.11923 -12.11940
 -12.11889 -12.11812 -12.11719 -12.11611 -12.11428 -12.11174 -12.10804 -12.10381
 -12.09740 -12.08887 -12.07667 -12.06168 -12.04012 -12.01484 -11.98001 -11.93667
 -12.25748 -12.25775 -12.26200 -12.26599 -12.26724 -12.26705 -12.26679 -12.26671
 -12.26675 -12.26659 -12.26621 -12.26621 -12.26606 -12.26500 -12.26341 -12.26165
 -12.25916 -12.25551 -12.24989 -12.24281 -12.23352 -12.22242 -12.20676 -12.18808
 -12.23080 -12.23073 -12.22967 -12.22862 -12.22824 -12.22835 -12.22880 -12.22967
 -12.23123 -12.23320 -12.23588 -12.23876 -12.24188 -12.24548 -12.25134 -12.25731
 -12.26470 -12.27137 -12.27981 -12.28773 -12.29645 -12.30469 -12.31412 -12.32223
 -11.97271 -11.97276 -11.97366 -11.97485 -11.97613 -11.97751 -11.97952 -11.98191
 -11.98538 -11.98980 -11.99634 -12.00387 -12.01326 -12.02390 -12.04027 -12.05862
 -12.08200 -12.10604 -12.13694 -12.16923 -12.20875 -12.24861 -12.29679 -12.34310
 -11.79478 -11.79472 -11.79368 -11.79275 -11.79266 -11.79326 -11.79459 -11.79670
 -11.80050 -11.80586 -11.81402 -11.82302 -11.83433 -11.84751 -11.86750 -11.89093
 -11.92096 -11.95255 -11.99465 -12.03969 -12.09645 -12.15686 -12.23291 -12.30757
 -11.74396 -11.74394 -11.74377 -11.74373 -11.74418 -11.74518 -11.74708 -11.74962
 -11.75361 -11.75899 -11.76721 -11.77675 -11.78892 -11.80237 -11.82296 -11.84771
 -11.87962 -11.91364 -11.95898 -12.00802 -12.07073 -12.13895 -12.22573 -12.31281
 -11.81167 -11.81169 -11.81214 -11.81291 -11.81404 -11.81539 -11.81741 -11.82009
 -11.82434 -11.82970 -11.83765 -11.84740 -11.85991 -11.87330 -11.89410 -11.91884
 -11.95145 -11.98665 -12.03365 -12.08524 -12.15230 -12.22595 -12.32171 -12.41962
 -11.96334 -11.96338 -11.96410 -11.96521 -11.96660 -11.96802 -11.96997 -11.97257
 -11.97678 -11.98206 -11.98978 -11.99915 -12.01163 -12.02484 -12.04476 -12.06966
 -12.10199 -12.13666 -12.18349 -12.23524 -12.30339 -12.37834 -12.47661 -12.57999
 -12.16772 -12.16780 -12.16920 -12.17110 -12.17301 -12.17466 -12.17672 -12.17950
 -12.18394 -12.18908 -12.19624 -12.20533 -12.21748 -12.23021 -12.24972 -12.27385
 -12.30619 -12.33999 -12.38558 -12.43672 -12.50396 -12.57803 -12.67655 -12.78080
 -12.41036 -12.41033 -12.40975 -12.40897 -12.40834 -12.40826 -12.40907 -12.41101
 -12.41469 -12.41932 -12.42605 -12.43460 -12.44695 -12.45989 -12.47747 -12.50039
 -12.53260 -12.56702 -12.61061 -12.66053 -12.72730 -12.80045 -12.89810 -13.00192
 -12.66179 -12.66185 -12.66275 -12.66309 -12.66247 -12.66286 -12.66526 -12.66796
 -12.67095 -12.67495 -12.68174 -12.69013 -12.70198 -12.71470 -12.73150 -12.75349
 -12.78453 -12.81781 -12.86108 -12.91027 -12.97607 -13.04826 -13.14550 -13.24859
 -12.93411 -12.93410 -12.93400 -12.93419 -12.93498 -12.93600 -12.93739 -12.93913
 -12.94196 -12.94586 -12.95225 -12.96075 -12.97244 -12.98432 -13.00109 -13.02220
 -13.05225 -13.08508 -13.12782 -13.17627 -13.24110 -13.31263 -13.40898 -13.51296
 -13.18952 -13.18959 -13.19080 -13.19239 -13.19398 -13.19540 -13.19718 -13.19937
 -13.20271 -13.20677 -13.21284 -13.22075 -13.23227 -13.24413 -13.26019 -13.28111
 -13.31062 -13.34314 -13.38482 -13.43221 -13.49699 -13.56691 -13.66164 -13.76539
 -13.50379 -13.50386 -13.50507 -13.50666 -13.50826 -13.50967 -13.51145 -13.51364
 -13.51698 -13.52105 -13.52711 -13.53503 -13.54655 -13.55841 -13.57446 -13.59538
 -13.62489 -13.65741 -13.69910 -13.74649 -13.81127 -13.88119 -13.97591 -14.07966
 -13.79162 -13.79169 -13.79290 -13.79449 -13.79608 -13.79750 -13.79928 -13.80147
 -13.80481 -13.80888 -13.81494 -13.82285 -13.83437 -13.84623 -13.86229 -13.88321
 -13.91272 -13.94524 -13.98692 -14.03431 -14.09910 -14.16901 -14.26374 -14.36749
 -14.09261 -14.09268 -14.09389 -14.09548 -14.09707 -14.09849 -14.10027 -14.10246
 -14.10580 -14.10986 -14.11593 -14.12384 -14.13536 -14.14722 -14.16328 -14.18420
 -14.21371 -14.24623 -14.28791 -14.33530 -14.40008 -14.47000 -14.56473 -14.66848
 -10.54517 -10.54517 -10.54517 -10.54334 -10.53261 -10.52164 -10.51354 -10.51085
 -10.50646 -10.48981 -10.45651 -10.42021 -10.37557 -10.32547 -10.24558 -10.13964
  -9.99604  -9.82311  -9.58306  -9.30321  -8.88010  -8.38327  -7.71415  -6.97371
 -10.66132 -10.66132 -10.66132 -10.65986 -10.65132 -10.64243 -10.63529 -10.63163
 -10.62591 -10.61105 -10.58285 -10.55099 -10.51081 -10.46692 -10.39690 -10.30404
 -10.17628 -10.02339  -9.81170  -9.56336  -9.19016  -8.75258  -8.16076  -7.50398
 -10.80764 -10.80764 -10.80764 -10.80667 -10.80088 -10.79460 -10.78868 -10.78380
 -10.77639 -10.76380 -10.74202 -10.71574 -10.68120 -10.64512 -10.58755 -10.51115
 -10.40336 -10.27570 -10.09975  -9.89111  -9.58078  -9.21785  -8.72342  -8.17203
 -10.90403 -10.90403 -10.90403 -10.90337 -10.89939 -10.89484 -10.88971 -10.88403
 -10.87551 -10.86442 -10.84687 -10.82426 -10.79343 -10.76250 -10.71313 -10.64757
 -10.55293 -10.44189 -10.28949 -10.10699  -9.83808  -9.52431  -9.09404  -8.61207
 -11.05718 -11.05718 -11.05718 -11.05686 -11.05480 -11.05211 -11.04842 -11.04370
 -11.03654 -11.02793 -11.01505 -10.99852 -10.97532 -10.95082 -10.91359 -10.86488
 -10.79391 -10.70936 -10.59361 -10.45443 -10.25033 -10.01351  -9.68625  -9.31893
 -11.20230 -11.20230 -11.20230 -11.20212 -11.20088 -11.19901 -11.19633 -11.19334
 -11.18892 -11.18304 -11.17390 -11.16276 -11.14750 -11.13087 -11.10509 -11.07113
 -11.02162 -10.96371 -10.88355 -10.78573 -10.64137 -10.47591 -10.24912  -9.99038
 -11.31866 -11.31866 -11.31866 -11.31852 -11.31758 -11.31635 -11.31476 -11.31294
 -11.31016 -11.30641 -11.30048 -11.29301 -11.28263 -11.27146 -11.25451 -11.23198
 -11.19857 -11.15937 -11.10442 -11.03630 -10.93854 -10.82569 -10.66846 -10.48784
 -11.43840 -11.43840 -11.43840 -11.43831 -11.43777 -11.43708 -11.43605 -11.43447
 -11.43209 -11.42969 -11.42630 -11.42145 -11.41447 -11.40772 -11.39631 -11.38128
 -11.35879 -11.33189 -11.29477 -11.24790 -11.17971 -11.09997 -10.98952 -10.85664
 -11.57006 -11.57006 -11.57006 -11.57008 -11.57013 -11.56986 -11.56899 -11.56765
 -11.56598 -11.56488 -11.56342 -11.56020 -11.55508 -11.55093 -11.54375 -11.53457
 -11.52027 -11.50300 -11.47858 -11.44820 -11.40418 -11.35183 -11.27681 -11.18740
 -11.70754 -11.70754 -11.70754 -11.70758 -11.70765 -11.70717 -11.70631 -11.70616
 -11.70643 -11.70587 -11.70392 -11.70130 -11.69838 -11.69657 -11.69224 -11.68606
 -11.67754 -11.66755 -11.65200 -11.63231 -11.60299 -11.56986 -11.52176 -11.46275
 -11.86182 -11.86182 -11.86182 -11.86183 -11.86184 -11.86179 -11.86185 -11.86233
 -11.86285 -11.86223 -11.86017 -11.85768 -11.85520 -11.85402 -11.85250 -11.84873
 -11.84456 -11.83870 -11.82851 -11.81766 -11.80171 -11.78141 -11.75149 -11.71553
 -12.00498 -12.00498 -12.00498 -12.00494 -12.00488 -12.00522 -12.00538 -12.00396
 -12.00134 -12.00021 -12.00054 -12.00068 -12.00057 -12.00122 -11.99808 -11.99656
 -11.99445 -11.99029 -11.98378 -11.97577 -11.96582 -11.95218 -11.93556 -11.91306
 -12.15999 -12.15999 -12.15999 -12.15999 -12.16000 -12.15997 -12.15995 -12.16007
 -12.16019 -12.16001 -12.15956 -12.15931 -12.15893 -12.15783 -12.15734 -12.15619
 -12.15404 -12.15220 -12.14932 -12.14561 -12.13934 -12.13230 -12.12165 -12.10835
 -12.31167 -12.31167 -12.31167 -12.31166 -12.31166 -12.31167 -12.31168 -12.31163
 -12.31158 -12.31165 -12.31170 -12.31138 -12.31085 -12.31082 -12.31038 -12.30942
 -12.30868 -12.30733 -12.30555 -12.30358 -12.29983 -12.29593 -12.28990 -12.28192
 -12.43877 -12.43877 -12.43877 -12.43876 -12.43875 -12.43883 -12.43887 -12.43851
 -12.43785 -12.43752 -12.43757 -12.43768 -12.43770 -12.43764 -12.43776 -12.43694
 -12.43651 -12.43604 -12.43488 -12.43322 -12.43105 -12.42846 -12.42431 -12.42051
 -12.63461 -12.63461 -12.63461 -12.63461 -12.63461 -12.63460 -12.63460 -12.63464
 -12.63474 -12.63480 -12.63480 -12.63473 -12.63469 -12.63485 -12.63416 -12.63382
 -12.63395 -12.63403 -12.63371 -12.63254 -12.63144 -12.63121 -12.62900 -12.62738
 -12.81544 -12.81544 -12.81544 -12.81544 -12.81544 -12.81544 -12.81544 -12.81544
 -12.81544 -12.81544 -12.81544 -12.81544 -12.81544 -12.81544 -12.81546 -12.81546
 -12.81546 -12.81545 -12.81549 -12.81538 -12.81533 -12.81528 -12.81561 -12.81370
 -13.00783 -13.00783 -13.00783 -13.00783 -13.00781 -13.00780 -13.00780 -13.00780
 -13.00780 -13.00780 -13.00779 -13.00781 -13.00785 -13.00785 -13.00786 -13.00787
 -13.00787 -13.00787 -13.00788 -13.00785 -13.00783 -13.00788 -13.00781 -13.00815
 -13.19989 -13.19989 -13.19989 -13.19988 -13.19984 -13.19981 -13.19981 -13.19983
 -13.19984 -13.19977 -13.19975 -13.20000 -13.20044 -13.20057 -13.20054 -13.20056
 -13.20057 -13.20059 -13.20049 -13.20095 -13.20122 -13.20153 -13.20234 -13.20296
 -13.40488 -13.40488 -13.40488 -13.40500 -13.40559 -13.40590 -13.40584 -13.40576
 -13.40577 -13.40580 -13.40580 -13.40576 -13.40571 -13.40572 -13.40567 -13.40591
 -13.40609 -13.40608 -13.40596 -13.40655 -13.40688 -13.40756 -13.40797 -13.40833
 -13.62143 -13.62143 -13.62143 -13.62141 -13.62131 -13.62125 -13.62126 -13.62127
 -13.62127 -13.62127 -13.62127 -13.62127 -13.62128 -13.62133 -13.62117 -13.62187
 -13.62243 -13.62232 -13.62232 -13.62240 -13.62158 -13.62296 -13.62394 -13.62527
 -13.83127 -13.83127 -13.83127 -13.83128 -13.83129 -13.83129 -13.83129 -13.83129
 -13.83129 -13.83129 -13.83129 -13.83129 -13.83129 -13.83129 -13.83130 -13.83124
 -13.83117 -13.83114 -13.83122 -13.83093 -13.83255 -13.83426 -13.83428 -13.83447
 -14.07752 -14.07752 -14.07752 -14.07752 -14.07752 -14.07752 -14.07752 -14.07752
 -14.07752 -14.07752 -14.07752 -14.07752 -14.07753 -14.07752 -14.07754 -14.07747
 -14.07784 -14.07811 -14.07799 -14.07831 -14.07894 -14.07940 -14.08029 -14.08127
 -14.36512 -14.36512 -14.36512 -14.36512 -14.36512 -14.36512 -14.36512 -14.36512
 -14.36512 -14.36512 -14.36512 -14.36512 -14.36512 -14.36511 -14.36513 -14.36507
 -14.36544 -14.36571 -14.36559 -14.36592 -14.36653 -14.36698 -14.36788 -14.36887
 -14.66611 -14.66611 -14.66611 -14.66611 -14.66611 -14.66611 -14.66611 -14.66611
 -14.66611 -14.66611 -14.66611 -14.66611 -14.66611 -14.66610 -14.66612 -14.66606
 -14.66643 -14.66670 -14.66658 -14.66691 -14.66752 -14.66797 -14.66887 -14.66986
C-------------------------------------------------------------------------------
C
C     RATE COEFFICIENTS IN UNITS OF CM**3 S-1 
C     --------------------------------------- 
C
C     INPUT DATA
C         FOR YEAR: 96 AND WITH PREFIX:   
C         FOR be RECOMBINING ION CHARGE(S)  1 TO  4
C
C     CODE     : ADAS404
C     PRODUCER : Martin O'Mullane              
C     DATE     : 23/02/06
C
C-------------------------------------------------------------------------------

C-----------------------------------------------------------------------
C                               OPEN-ADAS
C                               +++++++++
C
C This file has been downloaded from OPEN-ADAS (http://open.adas.ac.uk)
C on 23-Apr-2020.
C
C TERMS AND CONDITIONS
C --------------------
C
C The user of the OPEN-ADAS system and data (hereinafter "the User")
C accepts the following terms and conditions:
C
C   1. The University of Strathclyde uses all reasonable endeavours to
C      ensure the accuracy of the data provided and any information
C      given, but the University makes no warranty, expressed or implied
C      as to its accuracy, integrity, fitness for purpose and shall not
C      be responsible for the use to which the data is put by the User
C      and/or any consequences arising out of any inaccuracies or
C      omissions.
C
C   2. Any downloaded OPEN-ADAS file is made available for the
C      personal use of the User only.  It must not be used for any
C      commercial application, incorporated into any web site or in
C      any form re-distributed without express prior written permission
C      from the ADAS Project. In particular, but not by way of
C      limitation, it must not be:
C        *  inserted into a managed database structure,
C        *  redistributed along with a modelling or analysis code,
C        *  made available on a public website.
C
C Permission for OPEN-ADAS data incorporation in non-commercial
C code/system development for scientific advance will not be
C unreasonably withheld, but will be subject to written agreement
C on a case by case basis.
C
C The User will indemnify the University of Strathclyde and keep it
C fully and effectively indemnified against each and every claim made
C against the University as a result of the User's use of the data.
C
C-----------------------------------------------------------------------
