    4   24   25
   4.00000   4.47712   5.00000   5.47712   6.00000   6.47712   7.00000   7.47712
   8.00000   8.47712   9.00000   9.47712  10.00000  10.47712  11.00000  11.47712
  12.00000  12.47712  13.00000  13.47712  14.00000  14.47712  15.00000  15.47712
  -0.69877  -0.52268  -0.30083  -0.15470   0.07938   0.30123   0.47732   0.65341
   0.84530   1.04159   1.25547   1.44736   1.65341   1.84530   2.00020   2.23065
   2.43157   2.63367   2.82628   3.02139   3.21690   3.39814   3.60766   3.79954
   4.00020
 -30.66284 -30.66936 -30.70038 -30.77580 -30.96190 -31.26252 -31.70152 -32.15228
 -32.66462 -33.14230 -33.67356 -34.15293 -34.64796 -35.05220 -35.43714 -35.73841
 -36.00071 -36.14694 -36.19854 -36.17981 -36.13539 -36.10578 -36.12499 -36.15465
 -28.69993 -28.70606 -28.73592 -28.80990 -28.99352 -29.29143 -29.72956 -30.17772
 -30.68294 -31.11880 -31.54000 -31.85603 -32.10945 -32.22870 -32.25734 -32.23348
 -32.19643 -32.17194 -32.17026 -32.18256 -32.20853 -32.23872 -32.30213 -32.36738
 -27.16382 -27.17049 -27.19807 -27.26526 -27.43908 -27.72475 -28.12877 -28.49770
 -28.81467 -28.98973 -29.07169 -29.09229 -29.09164 -29.09004 -29.09345 -29.09941
 -29.10625 -29.11126 -29.11447 -29.11739 -29.12510 -29.14515 -29.20631 -29.27123
 -26.52733 -26.53414 -26.56209 -26.62899 -26.79491 -27.04978 -27.36340 -27.58367
 -27.70927 -27.75069 -27.76633 -27.77294 -27.77779 -27.77997 -27.78040 -27.77991
 -27.77919 -27.78255 -27.78999 -27.80255 -27.82352 -27.85801 -27.93904 -28.02296
 -25.88277 -25.89052 -25.91951 -25.98582 -26.12164 -26.27601 -26.39643 -26.44749
 -26.46845 -26.47435 -26.47469 -26.47338 -26.47056 -26.47026 -26.47264 -26.47646
 -26.48375 -26.49583 -26.51883 -26.54938 -26.59480 -26.65498 -26.76803 -26.88201
 -25.48769 -25.49626 -25.51989 -25.57048 -25.66186 -25.73582 -25.77762 -25.79372
 -25.79753 -25.79862 -25.79771 -25.79423 -25.79168 -25.78982 -25.79286 -25.80148
 -25.81398 -25.83399 -25.86861 -25.91261 -25.97187 -26.04918 -26.18445 -26.31907
 -25.23562 -25.24400 -25.26379 -25.30328 -25.37216 -25.41932 -25.44484 -25.45205
 -25.45477 -25.45532 -25.45239 -25.44814 -25.44559 -25.44619 -25.45001 -25.45867
 -25.47327 -25.49562 -25.53421 -25.58016 -25.64334 -25.72556 -25.87502 -26.02338
 -25.02706 -25.03441 -25.05216 -25.08595 -25.14200 -25.17796 -25.19653 -25.20262
 -25.20432 -25.20406 -25.20120 -25.19720 -25.19421 -25.19486 -25.19935 -25.20789
 -25.22337 -25.24548 -25.28300 -25.32801 -25.39069 -25.47715 -25.64554 -25.81203
 -24.85265 -24.85859 -24.87407 -24.90263 -24.94719 -24.97502 -24.98915 -24.99373
 -24.99515 -24.99516 -24.99183 -24.98737 -24.98408 -24.98392 -24.99019 -24.99781
 -25.01207 -25.03274 -25.06812 -25.11090 -25.17322 -25.27055 -25.46580 -25.65650
 -24.72756 -24.73196 -24.74439 -24.76669 -24.79917 -24.81876 -24.82907 -24.83225
 -24.83364 -24.83227 -24.82939 -24.82468 -24.82195 -24.82165 -24.82577 -24.83361
 -24.84826 -24.86651 -24.90013 -24.94310 -25.00720 -25.11785 -25.34191 -25.56090
 -24.64489 -24.64786 -24.65653 -24.67164 -24.69250 -24.70470 -24.71076 -24.71074
 -24.71166 -24.71153 -24.70752 -24.70258 -24.69972 -24.69920 -24.70252 -24.71145
 -24.72276 -24.74188 -24.77566 -24.81602 -24.88541 -25.00353 -25.25350 -25.50179
 -24.60185 -24.60381 -24.60965 -24.61960 -24.63294 -24.64058 -24.64429 -24.64562
 -24.64615 -24.64418 -24.64183 -24.63752 -24.63308 -24.63219 -24.63524 -24.64348
 -24.65513 -24.67266 -24.70253 -24.74501 -24.81381 -24.93862 -25.20038 -25.46230
 -24.58384 -24.58509 -24.58878 -24.59500 -24.60317 -24.60772 -24.61002 -24.61062
 -24.61072 -24.61055 -24.60676 -24.60224 -24.59927 -24.59732 -24.60008 -24.60771
 -24.61764 -24.63445 -24.66155 -24.70046 -24.76826 -24.89342 -25.16105 -25.43179
 -24.58853 -24.58933 -24.59174 -24.59580 -24.60113 -24.60420 -24.60567 -24.60531
 -24.60424 -24.60395 -24.60201 -24.59840 -24.59352 -24.59245 -24.59542 -24.59991
 -24.61140 -24.62417 -24.65017 -24.68436 -24.74990 -24.87296 -25.13861 -25.40894
 -24.60188 -24.60245 -24.60418 -24.60714 -24.61109 -24.61343 -24.61456 -24.61356
 -24.61386 -24.61397 -24.61148 -24.60907 -24.60541 -24.60258 -24.60523 -24.61036
 -24.61916 -24.63113 -24.65367 -24.68637 -24.74968 -24.86910 -25.12911 -25.39454
 -24.63623 -24.63659 -24.63768 -24.63961 -24.64235 -24.64399 -24.64482 -24.64505
 -24.64513 -24.64321 -24.64275 -24.64015 -24.63548 -24.63472 -24.63446 -24.63993
 -24.64742 -24.65706 -24.67707 -24.70465 -24.76317 -24.87723 -25.12491 -25.37796
 -24.66815 -24.66841 -24.66918 -24.67056 -24.67264 -24.67400 -24.67461 -24.67489
 -24.67489 -24.67517 -24.67477 -24.67213 -24.66733 -24.66658 -24.66631 -24.66994
 -24.67567 -24.68608 -24.70264 -24.72685 -24.77992 -24.88413 -25.12409 -25.37133
 -24.69908 -24.69928 -24.69983 -24.70081 -24.70241 -24.70355 -24.70398 -24.70452
 -24.70439 -24.70863 -24.70722 -24.70448 -24.70075 -24.69907 -24.69975 -24.70083
 -24.70382 -24.71593 -24.72844 -24.74977 -24.79717 -24.89015 -25.12349 -25.36657
 -24.72845 -24.72860 -24.72900 -24.72969 -24.73094 -24.73190 -24.73220 -24.73296
 -24.73274 -24.74076 -24.73838 -24.73553 -24.73282 -24.73027 -24.73189 -24.73053
 -24.73090 -24.74462 -24.75325 -24.77181 -24.81379 -24.89602 -25.12295 -25.36194
 -24.75811 -24.75823 -24.75851 -24.75900 -24.75997 -24.76076 -24.76097 -24.76195
 -24.76164 -24.77351 -24.77013 -24.76715 -24.76547 -24.76203 -24.76460 -24.76076
 -24.75848 -24.77382 -24.77851 -24.79426 -24.83073 -24.90204 -25.12243 -25.35722
 -24.78776 -24.78785 -24.78806 -24.78839 -24.78914 -24.78980 -24.78994 -24.79113
 -24.79074 -24.80647 -24.80207 -24.79895 -24.79830 -24.79396 -24.79746 -24.79114
 -24.78619 -24.80316 -24.80389 -24.81682 -24.84776 -24.90813 -25.12193 -25.35246
 -24.81520 -24.81528 -24.81543 -24.81565 -24.81625 -24.81680 -24.81689 -24.81827
 -24.81782 -24.83713 -24.83178 -24.82853 -24.82881 -24.82361 -24.82798 -24.81935
 -24.81192 -24.83039 -24.82746 -24.83777 -24.86357 -24.91379 -25.12148 -25.34805
 -24.84688 -24.84694 -24.84704 -24.84717 -24.84764 -24.84808 -24.84814 -24.84973
 -24.84921 -24.87267 -24.86621 -24.86279 -24.86414 -24.85794 -24.86330 -24.85199
 -24.84169 -24.86190 -24.85473 -24.86201 -24.88187 -24.92035 -25.12097 -25.34294
 -24.87586 -24.87592 -24.87598 -24.87604 -24.87643 -24.87678 -24.87682 -24.87861
 -24.87803 -24.90528 -24.89780 -24.89423 -24.89653 -24.88941 -24.89566 -24.88190
 -24.86898 -24.89078 -24.87972 -24.88422 -24.89865 -24.92638 -25.12051 -25.33827
 -24.90614 -24.90619 -24.90623 -24.90624 -24.90656 -24.90684 -24.90686 -24.90886
 -24.90822 -24.93944 -24.93089 -24.92714 -24.93044 -24.92233 -24.92951 -24.91318
 -24.89752 -24.92098 -24.90585 -24.90745 -24.91620 -24.93268 -25.12003 -25.33338
 -32.77417 -32.77417 -32.77417 -32.77417 -32.77417 -32.77417 -32.77417 -32.77417
 -32.77417 -32.77417 -32.77417 -32.77417 -32.77418 -32.77417 -32.77433 -32.77483
 -32.77565 -32.77857 -32.78902 -32.81743 -32.90370 -33.08450 -33.42363 -33.83151
 -29.92499 -29.92499 -29.92499 -29.92499 -29.92499 -29.92499 -29.92499 -29.92499
 -29.92499 -29.92499 -29.92499 -29.92499 -29.92499 -29.92500 -29.92494 -29.92519
 -29.92627 -29.92863 -29.93683 -29.96013 -30.03419 -30.19399 -30.51108 -30.90672
 -27.74735 -27.74735 -27.74735 -27.74735 -27.74735 -27.74735 -27.74735 -27.74735
 -27.74735 -27.74735 -27.74735 -27.74736 -27.74735 -27.74736 -27.74735 -27.74741
 -27.74714 -27.75022 -27.75656 -27.77568 -27.83629 -27.97367 -28.26221 -28.63968
 -26.82812 -26.82812 -26.82812 -26.82812 -26.82812 -26.82812 -26.82812 -26.82812
 -26.82812 -26.82812 -26.82812 -26.82812 -26.82811 -26.82813 -26.82812 -26.82819
 -26.82791 -26.83044 -26.83566 -26.85089 -26.90313 -27.02774 -27.29932 -27.66508
 -25.89422 -25.89422 -25.89422 -25.89422 -25.89422 -25.89422 -25.89422 -25.89422
 -25.89422 -25.89422 -25.89422 -25.89423 -25.89417 -25.89461 -25.89473 -25.89471
 -25.89501 -25.89646 -25.90134 -25.91473 -25.95871 -26.06313 -26.30514 -26.64957
 -25.39387 -25.39387 -25.39387 -25.39387 -25.39387 -25.39387 -25.39387 -25.39387
 -25.39387 -25.39387 -25.39387 -25.39387 -25.39387 -25.39383 -25.39382 -25.39380
 -25.39364 -25.39472 -25.39872 -25.40943 -25.44475 -25.53069 -25.73670 -26.04134
 -25.14795 -25.14795 -25.14795 -25.14795 -25.14795 -25.14795 -25.14795 -25.14795
 -25.14795 -25.14795 -25.14795 -25.14795 -25.14795 -25.14797 -25.14792 -25.14829
 -25.14826 -25.14936 -25.15192 -25.16056 -25.18841 -25.25609 -25.42535 -25.69110
 -24.98563 -24.98563 -24.98563 -24.98563 -24.98563 -24.98563 -24.98563 -24.98563
 -24.98563 -24.98563 -24.98563 -24.98563 -24.98563 -24.98563 -24.98561 -24.98578
 -24.98588 -24.98582 -24.98883 -24.99345 -25.01054 -25.06166 -25.19814 -25.44138
 -24.86636 -24.86636 -24.86636 -24.86636 -24.86636 -24.86636 -24.86636 -24.86636
 -24.86636 -24.86636 -24.86636 -24.86636 -24.86636 -24.86636 -24.86637 -24.86635
 -24.86643 -24.86614 -24.86889 -24.87148 -24.88436 -24.91711 -25.03148 -25.26707
 -24.79362 -24.79362 -24.79362 -24.79362 -24.79362 -24.79362 -24.79362 -24.79362
 -24.79362 -24.79362 -24.79362 -24.79362 -24.79362 -24.79362 -24.79362 -24.79362
 -24.79360 -24.79367 -24.79324 -24.79504 -24.80070 -24.82212 -24.92709 -25.16557
 -24.74913 -24.74913 -24.74913 -24.74913 -24.74913 -24.74913 -24.74913 -24.74913
 -24.74913 -24.74913 -24.74913 -24.74913 -24.74913 -24.74913 -24.74913 -24.74913
 -24.74913 -24.74913 -24.74916 -24.74911 -24.75029 -24.76400 -24.86252 -25.10762
 -24.73254 -24.73254 -24.73254 -24.73254 -24.73254 -24.73254 -24.73254 -24.73254
 -24.73254 -24.73254 -24.73254 -24.73254 -24.73254 -24.73255 -24.73247 -24.73245
 -24.73246 -24.73244 -24.73270 -24.73216 -24.73060 -24.74071 -24.83748 -25.08818
 -24.73764 -24.73764 -24.73764 -24.73764 -24.73764 -24.73764 -24.73764 -24.73764
 -24.73764 -24.73764 -24.73764 -24.73764 -24.73765 -24.73760 -24.73804 -24.73815
 -24.73809 -24.73818 -24.73653 -24.73404 -24.73059 -24.73298 -24.82317 -25.07325
 -24.75788 -24.75788 -24.75788 -24.75788 -24.75788 -24.75788 -24.75788 -24.75788
 -24.75788 -24.75788 -24.75788 -24.75790 -24.75782 -24.75809 -24.75580 -24.75526
 -24.75542 -24.75528 -24.75551 -24.75389 -24.74720 -24.74660 -24.82817 -25.07071
 -24.78250 -24.78250 -24.78250 -24.78250 -24.78250 -24.78250 -24.78250 -24.78250
 -24.78250 -24.78250 -24.78250 -24.78250 -24.78250 -24.78252 -24.78233 -24.78220
 -24.78253 -24.78019 -24.77982 -24.77845 -24.76947 -24.76532 -24.83866 -25.07294
 -24.83127 -24.83127 -24.83127 -24.83127 -24.83127 -24.83127 -24.83127 -24.83127
 -24.83127 -24.83127 -24.83127 -24.83127 -24.83127 -24.83127 -24.83129 -24.83131
 -24.83124 -24.83143 -24.82893 -24.82647 -24.81709 -24.80645 -24.86271 -25.08273
 -24.88309 -24.88309 -24.88309 -24.88309 -24.88309 -24.88309 -24.88309 -24.88309
 -24.88309 -24.88309 -24.88309 -24.88309 -24.88309 -24.88309 -24.88311 -24.88309
 -24.88320 -24.88221 -24.88026 -24.87773 -24.86803 -24.85402 -24.89669 -25.09762
 -24.94229 -24.94229 -24.94229 -24.94229 -24.94229 -24.94229 -24.94229 -24.94229
 -24.94229 -24.94229 -24.94229 -24.94228 -24.94229 -24.94228 -24.94229 -24.94224
 -24.94243 -24.94090 -24.93873 -24.93531 -24.92698 -24.90909 -24.93420 -25.11087
 -25.00136 -25.00136 -25.00136 -25.00136 -25.00136 -25.00136 -25.00136 -25.00136
 -25.00136 -25.00136 -25.00136 -25.00136 -25.00136 -25.00136 -25.00136 -25.00136
 -25.00135 -25.00121 -24.99947 -24.99700 -24.98698 -24.96664 -24.97460 -25.12856
 -25.06415 -25.06415 -25.06415 -25.06415 -25.06415 -25.06415 -25.06415 -25.06415
 -25.06415 -25.06415 -25.06415 -25.06415 -25.06415 -25.06415 -25.06415 -25.06415
 -25.06418 -25.06383 -25.06260 -25.05936 -25.04958 -25.02935 -25.02568 -25.15452
 -25.12783 -25.12783 -25.12783 -25.12783 -25.12783 -25.12783 -25.12783 -25.12783
 -25.12783 -25.12783 -25.12783 -25.12783 -25.12783 -25.12783 -25.12782 -25.12784
 -25.12778 -25.12808 -25.12594 -25.12049 -25.11157 -25.09165 -25.07854 -25.18041
 -25.18686 -25.18686 -25.18686 -25.18686 -25.18686 -25.18686 -25.18686 -25.18686
 -25.18686 -25.18686 -25.18686 -25.18686 -25.18686 -25.18686 -25.18685 -25.18689
 -25.18673 -25.18764 -25.18467 -25.17717 -25.16905 -25.14942 -25.12755 -25.20440
 -25.25509 -25.25509 -25.25509 -25.25509 -25.25509 -25.25509 -25.25509 -25.25509
 -25.25509 -25.25509 -25.25509 -25.25509 -25.25509 -25.25510 -25.25508 -25.25515
 -25.25488 -25.25650 -25.25255 -25.24269 -25.23548 -25.21619 -25.18421 -25.23214
 -25.31759 -25.31759 -25.31759 -25.31759 -25.31759 -25.31759 -25.31759 -25.31759
 -25.31759 -25.31759 -25.31759 -25.31759 -25.31759 -25.31759 -25.31757 -25.31767
 -25.31730 -25.31955 -25.31472 -25.30269 -25.29633 -25.27735 -25.23610 -25.25755
 -25.38294 -25.38294 -25.38294 -25.38294 -25.38294 -25.38294 -25.38294 -25.38294
 -25.38294 -25.38294 -25.38294 -25.38294 -25.38294 -25.38295 -25.38292 -25.38304
 -25.38257 -25.38550 -25.37974 -25.36544 -25.35996 -25.34130 -25.29036 -25.28411
 -74.00000 -74.00000 -74.00000 -74.00000 -74.00000 -74.00000 -74.00000 -74.00000
 -74.00000 -74.00000 -74.00000 -74.00000 -74.00000 -74.00000 -74.00000 -74.00000
 -74.00000 -74.00000 -74.00000 -74.00000 -74.00000 -74.00000 -74.00000 -74.00000
 -74.00000 -74.00000 -74.00000 -74.00000 -74.00000 -74.00000 -74.00000 -74.00000
 -74.00000 -74.00000 -74.00000 -74.00000 -74.00000 -74.00000 -74.00000 -74.00000
 -74.00000 -74.00000 -74.00000 -74.00000 -74.00000 -74.00000 -74.00000 -74.00000
 -74.00000 -74.00000 -74.00000 -74.00000 -74.00000 -74.00000 -74.00000 -74.00000
 -74.00000 -74.00000 -74.00000 -74.00000 -74.00000 -74.00000 -74.00000 -74.00000
 -74.00000 -74.00000 -74.00000 -74.00000 -74.00000 -74.00000 -74.00000 -74.00000
 -74.00000 -74.00000 -74.00000 -74.00000 -74.00000 -74.00000 -74.00000 -74.00000
 -74.00000 -74.00000 -74.00000 -74.00000 -74.00000 -74.00000 -74.00000 -74.00000
 -74.00000 -74.00000 -74.00000 -74.00000 -74.00000 -74.00000 -74.00000 -74.00000
 -67.96842 -67.96809 -67.96318 -67.95943 -67.96003 -67.96146 -67.96150 -67.96115
 -67.96115 -67.96124 -67.96124 -67.96122 -67.96122 -67.96124 -67.96128 -67.96109
 -67.96204 -67.96520 -67.97270 -67.99064 -68.02508 -68.05978 -68.08381 -68.09322
 -50.87197 -50.87029 -50.84526 -49.78912 -49.74060 -50.60113 -50.60430 -50.46191
 -50.48928 -50.45738 -50.20371 -50.03683 -50.06047 -50.05438 -50.05864 -50.05837
 -50.05936 -50.05972 -50.06120 -50.06421 -50.06829 -50.06932 -50.06856 -50.06844
 -39.52089 -39.67379 -41.72942 -42.09189 -42.09107 -42.07517 -42.07497 -42.08010
 -42.07940 -42.08004 -42.08448 -42.08631 -42.08634 -42.08711 -42.08717 -42.08759
 -42.09011 -42.09538 -42.10967 -42.14295 -42.20994 -42.27648 -42.32207 -42.33954
 -36.42849 -36.42715 -36.39688 -36.34999 -36.34948 -36.36379 -36.36386 -36.36062
 -36.36118 -36.36061 -36.35635 -36.35379 -36.35439 -36.35480 -36.35473 -36.35485
 -36.35599 -36.35981 -36.37197 -36.39897 -36.45294 -36.50663 -36.54132 -36.55595
 -32.27726 -32.27818 -32.29098 -32.30033 -32.30040 -32.29822 -32.29830 -32.29884
 -32.29863 -32.29867 -32.29943 -32.29992 -32.29972 -32.29948 -32.29961 -32.29908
 -32.30036 -32.30477 -32.31546 -32.34271 -32.39596 -32.45192 -32.49231 -32.51357
 -29.64642 -29.64638 -29.64562 -29.64501 -29.64503 -29.64496 -29.64458 -29.64478
 -29.64587 -29.64663 -29.64654 -29.64598 -29.64689 -29.64831 -29.64846 -29.65060
 -29.65208 -29.65624 -29.66746 -29.69066 -29.74313 -29.79679 -29.84305 -29.87766
 -27.87427 -27.87420 -27.87336 -27.87330 -27.87498 -27.87705 -27.87893 -27.88000
 -27.88062 -27.88150 -27.88297 -27.88372 -27.88347 -27.88400 -27.88596 -27.88831
 -27.89221 -27.89766 -27.91063 -27.93407 -27.98089 -28.03358 -28.08747 -28.13918
 -26.94084 -26.94090 -26.94201 -26.94354 -26.94504 -26.94601 -26.94664 -26.94719
 -26.94812 -26.94944 -26.95104 -26.95145 -26.95213 -26.95465 -26.95745 -26.96016
 -26.96380 -26.97121 -26.98386 -27.00314 -27.04376 -27.09036 -27.14291 -27.19885
 -26.36383 -26.36396 -26.36583 -26.36753 -26.36812 -26.36878 -26.37033 -26.37156
 -26.37237 -26.37363 -26.37567 -26.37642 -26.37659 -26.37893 -26.38214 -26.38443
 -26.38834 -26.39336 -26.40377 -26.41886 -26.44688 -26.48346 -26.52670 -26.57408
 -26.08515 -26.08490 -26.08062 -26.07532 -26.07103 -26.06868 -26.06750 -26.06707
 -26.06688 -26.06697 -26.06733 -26.06770 -26.06843 -26.06966 -26.07123 -26.07288
 -26.07607 -26.08044 -26.08691 -26.09767 -26.11627 -26.14021 -26.17182 -26.20733
 -25.91963 -25.91947 -25.91685 -25.91386 -25.91179 -25.91066 -25.90989 -25.90966
 -25.90978 -25.90975 -25.90947 -25.90955 -25.91018 -25.91074 -25.91227 -25.91441
 -25.91581 -25.91868 -25.92370 -25.93045 -25.94384 -25.96077 -25.98267 -26.00883
 -25.75953 -25.75953 -25.75965 -25.75974 -25.75977 -25.75988 -25.76010 -25.76020
 -25.76032 -25.76116 -25.76290 -25.76391 -25.76406 -25.76443 -25.76491 -25.76579
 -25.76733 -25.76849 -25.77176 -25.77430 -25.77850 -25.78782 -25.80093 -25.81851
 -25.67624 -25.67625 -25.67641 -25.67661 -25.67672 -25.67673 -25.67672 -25.67690
 -25.67728 -25.67741 -25.67718 -25.67710 -25.67726 -25.67747 -25.67784 -25.67818
 -25.67870 -25.67961 -25.68100 -25.68289 -25.68678 -25.69135 -25.69844 -25.70885
 -25.61390 -25.61391 -25.61414 -25.61450 -25.61497 -25.61544 -25.61596 -25.61633
 -25.61660 -25.61681 -25.61703 -25.61709 -25.61713 -25.61726 -25.61739 -25.61767
 -25.61794 -25.61833 -25.61903 -25.61991 -25.62128 -25.62346 -25.62711 -25.63433
 -25.60325 -25.60321 -25.60224 -25.60011 -25.59656 -25.59290 -25.58914 -25.58640
 -25.58449 -25.58371 -25.58365 -25.58381 -25.58387 -25.58391 -25.58402 -25.58414
 -25.58428 -25.58450 -25.58481 -25.58526 -25.58607 -25.58693 -25.58859 -25.59371
 -25.57704 -25.57705 -25.57702 -25.57645 -25.57503 -25.57358 -25.57228 -25.57132
 -25.57054 -25.57028 -25.57046 -25.57063 -25.57064 -25.57067 -25.57072 -25.57077
 -25.57086 -25.57097 -25.57115 -25.57128 -25.57122 -25.57217 -25.57451 -25.57786
 -25.58017 -25.58003 -25.57801 -25.57641 -25.57639 -25.57626 -25.57511 -25.57435
 -25.57442 -25.57418 -25.57317 -25.57263 -25.57271 -25.57270 -25.57273 -25.57276
 -25.57279 -25.57288 -25.57280 -25.57345 -25.57511 -25.57485 -25.57559 -25.57777
 -25.57868 -25.57872 -25.57938 -25.57994 -25.58002 -25.58013 -25.58057 -25.58087
 -25.58090 -25.58099 -25.58132 -25.58149 -25.58148 -25.58150 -25.58150 -25.58152
 -25.58154 -25.58156 -25.58165 -25.58152 -25.58113 -25.58125 -25.58200 -25.58413
 -25.57073 -25.57106 -25.57614 -25.58034 -25.58093 -25.58180 -25.58516 -25.58740
 -25.58756 -25.58827 -25.59076 -25.59208 -25.59191 -25.59197 -25.59195 -25.59196
 -25.59199 -25.59192 -25.59234 -25.59099 -25.58736 -25.58838 -25.58980 -25.59214
 -25.56298 -25.56359 -25.57272 -25.58029 -25.58134 -25.58290 -25.58896 -25.59298
 -25.59326 -25.59453 -25.59901 -25.60138 -25.60107 -25.60116 -25.60114 -25.60114
 -25.60119 -25.60104 -25.60177 -25.59932 -25.59273 -25.59463 -25.59671 -25.59931
 -25.55465 -25.55554 -25.56891 -25.58000 -25.58154 -25.58383 -25.59271 -25.59860
 -25.59901 -25.60086 -25.60743 -25.61091 -25.61044 -25.61058 -25.61054 -25.61054
 -25.61061 -25.61038 -25.61144 -25.60785 -25.59816 -25.60099 -25.60380 -25.60671
 -74.00000 -74.00000 -74.00000 -74.00000 -74.00000 -74.00000 -74.00000 -74.00000
 -74.00000 -74.00000 -74.00000 -74.00000 -74.00000 -74.00000 -74.00000 -74.00000
 -74.00000 -74.00000 -74.00000 -74.00000 -74.00000 -74.00000 -74.00000 -74.00000
 -74.00000 -74.00000 -74.00000 -74.00000 -74.00000 -74.00000 -74.00000 -74.00000
 -74.00000 -74.00000 -74.00000 -74.00000 -74.00000 -74.00000 -74.00000 -74.00000
 -74.00000 -74.00000 -74.00000 -74.00000 -74.00000 -74.00000 -74.00000 -74.00000
 -74.00000 -74.00000 -74.00000 -74.00000 -74.00000 -74.00000 -74.00000 -74.00000
 -74.00000 -74.00000 -74.00000 -74.00000 -74.00000 -74.00000 -74.00000 -74.00000
 -74.00000 -74.00000 -74.00000 -74.00000 -74.00000 -74.00000 -74.00000 -74.00000
 -74.00000 -74.00000 -74.00000 -74.00000 -74.00000 -74.00000 -74.00000 -74.00000
 -74.00000 -74.00000 -74.00000 -74.00000 -74.00000 -74.00000 -74.00000 -74.00000
 -74.00000 -74.00000 -74.00000 -74.00000 -74.00000 -74.00000 -74.00000 -74.00000
 -74.00000 -74.00000 -74.00000 -74.00000 -74.00000 -74.00000 -74.00000 -74.00000
 -74.00000 -74.00000 -74.00000 -74.00000 -74.00000 -74.00000 -74.00000 -74.00000
 -74.00000 -74.00000 -74.00000 -74.00000 -74.00000 -74.00000 -74.00000 -74.00000
 -74.00000 -74.00000 -74.00000 -74.00000 -74.00000 -74.00000 -74.00000 -74.00000
 -74.00000 -74.00000 -64.86737 -58.85177 -60.06279 -61.03775 -60.82009 -60.88058
 -60.86477 -60.86910 -60.86797 -60.86828 -60.86819 -60.86822 -60.86821 -60.86821
 -45.24759 -45.24759 -45.24759 -45.23982 -45.22740 -45.30044 -45.33387 -45.04395
 -44.92265 -46.07439 -48.20217 -49.17931 -48.98260 -48.82423 -48.85959 -48.84976
 -48.85233 -48.85163 -48.85181 -48.85176 -48.85177 -48.85177 -48.85177 -48.85175
 -41.88749 -41.88749 -41.88749 -41.88994 -41.89385 -41.87084 -41.86030 -41.95165
 -41.98987 -41.62699 -40.95660 -40.64874 -40.71071 -40.76061 -40.74947 -40.75257
 -40.75176 -40.75198 -40.75192 -40.75194 -40.75193 -40.75193 -40.75195 -40.75194
 -35.23080 -35.23080 -35.23080 -35.23068 -35.23048 -35.23164 -35.23216 -35.22759
 -35.22568 -35.24384 -35.27740 -35.29281 -35.28970 -35.28721 -35.28776 -35.28761
 -35.28765 -35.28764 -35.28764 -35.28764 -35.28764 -35.28764 -35.28764 -35.28763
 -31.74251 -31.74251 -31.74251 -31.74266 -31.74289 -31.74152 -31.74090 -31.74633
 -31.74860 -31.72702 -31.68713 -31.66881 -31.67250 -31.67547 -31.67481 -31.67499
 -31.67494 -31.67496 -31.67495 -31.67495 -31.67497 -31.67490 -31.67526 -31.67527
 -29.23426 -29.23426 -29.23426 -29.23423 -29.23419 -29.23447 -29.23460 -29.23347
 -29.23300 -29.23747 -29.24574 -29.24953 -29.24877 -29.24815 -29.24829 -29.24825
 -29.24826 -29.24826 -29.24826 -29.24826 -29.24826 -29.24827 -29.24835 -29.24986
 -27.90178 -27.90178 -27.90178 -27.90178 -27.90178 -27.90178 -27.90178 -27.90176
 -27.90175 -27.90185 -27.90204 -27.90212 -27.90211 -27.90209 -27.90210 -27.90209
 -27.90210 -27.90209 -27.90210 -27.90209 -27.90211 -27.90208 -27.90220 -27.90193
 -27.00052 -27.00052 -27.00052 -27.00052 -27.00052 -27.00051 -27.00051 -27.00054
 -27.00055 -27.00043 -27.00019 -27.00008 -27.00011 -27.00012 -27.00012 -27.00012
 -27.00012 -27.00012 -27.00014 -27.00005 -27.00063 -27.00088 -27.00171 -27.00449
 -26.48485 -26.48485 -26.48485 -26.48485 -26.48485 -26.48485 -26.48485 -26.48485
 -26.48484 -26.48485 -26.48486 -26.48487 -26.48487 -26.48487 -26.48487 -26.48487
 -26.48487 -26.48486 -26.48491 -26.48473 -26.48570 -26.48628 -26.48669 -26.48954
 -26.21565 -26.21565 -26.21565 -26.21565 -26.21565 -26.21565 -26.21565 -26.21565
 -26.21565 -26.21565 -26.21564 -26.21564 -26.21564 -26.21564 -26.21564 -26.21564
 -26.21564 -26.21564 -26.21566 -26.21559 -26.21613 -26.21632 -26.21740 -26.22091
 -25.96893 -25.96893 -25.96893 -25.96893 -25.96893 -25.96893 -25.96893 -25.96893
 -25.96893 -25.96894 -25.96894 -25.96894 -25.96894 -25.96894 -25.96894 -25.96894
 -25.96894 -25.96895 -25.96889 -25.96915 -25.96893 -25.96841 -25.97092 -25.97418
 -25.84863 -25.84863 -25.84863 -25.84863 -25.84863 -25.84863 -25.84863 -25.84863
 -25.84863 -25.84863 -25.84863 -25.84863 -25.84863 -25.84863 -25.84863 -25.84863
 -25.84864 -25.84861 -25.84872 -25.84836 -25.85038 -25.85194 -25.85103 -25.85459
 -25.78368 -25.78368 -25.78368 -25.78368 -25.78368 -25.78368 -25.78368 -25.78368
 -25.78368 -25.78368 -25.78367 -25.78367 -25.78367 -25.78367 -25.78367 -25.78367
 -25.78367 -25.78368 -25.78367 -25.78368 -25.78359 -25.78314 -25.78510 -25.78722
 -25.74647 -25.74647 -25.74647 -25.74647 -25.74647 -25.74647 -25.74647 -25.74647
 -25.74647 -25.74647 -25.74647 -25.74647 -25.74647 -25.74647 -25.74647 -25.74647
 -25.74647 -25.74647 -25.74647 -25.74647 -25.74648 -25.74629 -25.74745 -25.75134
 -25.72891 -25.72891 -25.72891 -25.72891 -25.72891 -25.72891 -25.72891 -25.72891
 -25.72891 -25.72891 -25.72891 -25.72891 -25.72891 -25.72891 -25.72891 -25.72891
 -25.72891 -25.72891 -25.72891 -25.72891 -25.72892 -25.72883 -25.72952 -25.73313
 -25.73001 -25.73001 -25.73001 -25.73001 -25.73001 -25.73001 -25.73001 -25.73001
 -25.73001 -25.73001 -25.73001 -25.73001 -25.73001 -25.73001 -25.73001 -25.73001
 -25.73001 -25.73001 -25.73001 -25.73001 -25.73001 -25.73003 -25.73012 -25.73241
 -25.74239 -25.74239 -25.74239 -25.74239 -25.74239 -25.74239 -25.74239 -25.74239
 -25.74239 -25.74239 -25.74239 -25.74239 -25.74239 -25.74239 -25.74239 -25.74239
 -25.74239 -25.74239 -25.74239 -25.74237 -25.74245 -25.74218 -25.74382 -25.74631
 -25.77072 -25.77072 -25.77072 -25.77072 -25.77072 -25.77072 -25.77072 -25.77072
 -25.77072 -25.77072 -25.77072 -25.77072 -25.77072 -25.77072 -25.77072 -25.77072
 -25.77072 -25.77072 -25.77072 -25.77072 -25.77071 -25.77074 -25.77067 -25.77177
 -25.80003 -25.80003 -25.80003 -25.80003 -25.80003 -25.80003 -25.80003 -25.80003
 -25.80003 -25.80003 -25.80003 -25.80003 -25.80003 -25.80003 -25.80003 -25.80003
 -25.80003 -25.80003 -25.80002 -25.80005 -25.79995 -25.80029 -25.79826 -25.79688
 -25.83068 -25.83068 -25.83068 -25.83068 -25.83068 -25.83068 -25.83068 -25.83068
 -25.83068 -25.83068 -25.83068 -25.83068 -25.83068 -25.83068 -25.83068 -25.83068
 -25.83068 -25.83068 -25.83067 -25.83072 -25.83052 -25.83120 -25.82711 -25.82315
C-------------------------------------------------------------------------------
C
C     RADIATED POWERS IN UNITS OF W CM**3 
C     ----------------------------------- 
C
C     INPUT DATA
C         FOR YEAR: 96 AND WITH PREFIX:   
C         FOR be RECOMBINING ION CHARGE(S)  1 TO  4
C
C     CODE     : ADAS404
C     PRODUCER : Martin O'Mullane              
C     DATE     : 20/02/06
C
C-------------------------------------------------------------------------------

C-----------------------------------------------------------------------
C                               OPEN-ADAS
C                               +++++++++
C
C This file has been downloaded from OPEN-ADAS (http://open.adas.ac.uk)
C on 23-Apr-2020.
C
C TERMS AND CONDITIONS
C --------------------
C
C The user of the OPEN-ADAS system and data (hereinafter "the User")
C accepts the following terms and conditions:
C
C   1. The University of Strathclyde uses all reasonable endeavours to
C      ensure the accuracy of the data provided and any information
C      given, but the University makes no warranty, expressed or implied
C      as to its accuracy, integrity, fitness for purpose and shall not
C      be responsible for the use to which the data is put by the User
C      and/or any consequences arising out of any inaccuracies or
C      omissions.
C
C   2. Any downloaded OPEN-ADAS file is made available for the
C      personal use of the User only.  It must not be used for any
C      commercial application, incorporated into any web site or in
C      any form re-distributed without express prior written permission
C      from the ADAS Project. In particular, but not by way of
C      limitation, it must not be:
C        *  inserted into a managed database structure,
C        *  redistributed along with a modelling or analysis code,
C        *  made available on a public website.
C
C Permission for OPEN-ADAS data incorporation in non-commercial
C code/system development for scientific advance will not be
C unreasonably withheld, but will be subject to written agreement
C on a case by case basis.
C
C The User will indemnify the University of Strathclyde and keep it
C fully and effectively indemnified against each and every claim made
C against the University as a result of the User's use of the data.
C
C-----------------------------------------------------------------------
