   10   24   30
   7.69897   8.00000   8.30103   8.69897   9.00000   9.30103   9.69897  10.00000
  10.30103  10.69897  11.00000  11.30103  11.69897  12.00000  12.30103  12.69897
  13.00000  13.30103  13.69897  14.00000  14.30103  14.69897  15.00000  15.30103
  -0.69877  -0.52268  -0.30083  -0.15470   0.00020   0.17629   0.30123   0.47732
   0.69917   0.84530   1.00020   1.17629   1.30123   1.47732   1.69917   1.84530
   2.00020   2.17629   2.30123   2.47732   2.69917   2.84530   3.00020   3.17629
   3.30123   3.47732   3.69917   3.84530   4.00020   4.17629
 -61.63960 -61.64812 -61.65715 -61.66870 -61.67723 -61.68625 -61.69781 -61.70633
 -61.71534 -61.72694 -61.73550 -61.74448 -61.75608 -61.76460 -61.77345 -61.78555
 -61.79442 -61.80262 -61.81432 -61.82415 -61.83441 -60.35498 -61.67443 -61.88170
 -47.79039 -47.79037 -47.79036 -47.79034 -47.79032 -47.79031 -47.79028 -47.79027
 -47.79029 -47.79015 -47.79022 -47.79059 -47.78886 -47.79017 -47.79549 -47.77158
 -47.79009 -47.86424 -47.53069 -47.79023 -49.39331 -49.98722 -49.89459 -49.59632
 -40.33609 -40.33580 -40.33686 -40.33725 -40.33695 -40.33801 -40.33843 -40.33811
 -40.33907 -40.33997 -40.34007 -40.34073 -40.34130 -40.34124 -40.34130 -40.34212
 -40.34142 -40.33925 -40.34993 -40.34020 -40.26742 -40.19153 -40.22095 -40.25789
 -36.05699 -36.05644 -36.05692 -36.05678 -36.05622 -36.05670 -36.05658 -36.05600
 -36.05641 -36.05667 -36.05642 -36.05659 -36.05665 -36.05614 -36.05525 -36.05428
 -36.05459 -36.05502 -36.04581 -36.05101 -36.08685 -36.11624 -36.11520 -36.11115
 -33.01803 -33.01781 -33.01810 -33.01811 -33.01789 -33.01818 -33.01818 -33.01797
 -33.01825 -33.01827 -33.01804 -33.01827 -33.01828 -33.01759 -33.01654 -33.01618
 -33.01511 -33.01130 -33.00841 -33.00685 -33.00390 -33.02096 -33.04984 -33.07944
 -30.55938 -30.55900 -30.55942 -30.55938 -30.55899 -30.55941 -30.55938 -30.55898
 -30.55933 -30.55961 -30.55934 -30.55914 -30.55897 -30.55865 -30.55788 -30.55571
 -30.55272 -30.54879 -30.54849 -30.56006 -30.58966 -30.66097 -30.73090 -30.80233
 -29.32538 -29.32457 -29.32549 -29.32539 -29.32458 -29.32549 -29.32539 -29.32458
 -29.32552 -29.32526 -29.32386 -29.32379 -29.32404 -29.32349 -29.32233 -29.31949
 -29.31600 -29.31266 -29.32204 -29.34724 -29.39237 -29.49641 -29.60044 -29.70762
 -28.06612 -28.06561 -28.06618 -28.06612 -28.06561 -28.06619 -28.06609 -28.06561
 -28.06632 -28.06551 -28.06390 -28.06386 -28.06421 -28.06353 -28.06197 -28.05913
 -28.05625 -28.05506 -28.07947 -28.12559 -28.19554 -28.34014 -28.47982 -28.62357
 -27.04130 -27.04106 -27.04133 -27.04131 -27.04106 -27.04133 -27.04131 -27.04105
 -27.04126 -27.04154 -27.04148 -27.04134 -27.04098 -27.04040 -27.03929 -27.03600
 -27.03382 -27.03790 -27.07865 -27.14188 -27.23059 -27.40526 -27.57159 -27.74254
 -26.59995 -26.59943 -26.60001 -26.59995 -26.59943 -26.60000 -26.59999 -26.59948
 -26.60000 -26.60029 -26.59995 -26.59999 -26.59978 -26.59898 -26.59763 -26.59469
 -26.59406 -26.60140 -26.64851 -26.71745 -26.81312 -26.99765 -27.17129 -27.34948
 -26.27240 -26.27217 -26.27243 -26.27240 -26.27217 -26.27246 -26.27229 -26.27192
 -26.27220 -26.27202 -26.27178 -26.27250 -26.27249 -26.27132 -26.27005 -26.26795
 -26.26872 -26.27848 -26.32959 -26.40127 -26.49952 -26.68855 -26.86646 -27.04901
 -26.02494 -26.02473 -26.02496 -26.02493 -26.02473 -26.02499 -26.02481 -26.02443
 -26.02465 -26.02460 -26.02434 -26.02461 -26.02443 -26.02363 -26.02274 -26.02142
 -26.02314 -26.03411 -26.08693 -26.15882 -26.25601 -26.44558 -26.62597 -26.81126
 -25.90496 -25.90468 -25.90500 -25.90497 -25.90468 -25.90499 -25.90501 -25.90480
 -25.90513 -25.90510 -25.90471 -25.90473 -25.90477 -25.90432 -25.90338 -25.90251
 -25.90498 -25.91632 -25.96851 -26.03904 -26.13465 -26.32280 -26.50261 -26.68735
 -25.79030 -25.79013 -25.79032 -25.79030 -25.79013 -25.79033 -25.79028 -25.79009
 -25.79030 -25.79001 -25.78956 -25.78980 -25.79054 -25.79024 -25.78864 -25.78841
 -25.79211 -25.80323 -25.85330 -25.92115 -26.01328 -26.19664 -26.37303 -26.55437
 -25.70281 -25.70251 -25.70285 -25.70281 -25.70251 -25.70285 -25.70281 -25.70252
 -25.70295 -25.70308 -25.70273 -25.70276 -25.70291 -25.70257 -25.70178 -25.70226
 -25.70590 -25.71659 -25.76235 -25.82463 -25.91073 -26.08607 -26.25666 -26.43224
 -25.66352 -25.66323 -25.66356 -25.66352 -25.66323 -25.66356 -25.66351 -25.66323
 -25.66367 -25.66382 -25.66349 -25.66355 -25.66343 -25.66332 -25.66384 -25.66494
 -25.66825 -25.67909 -25.72142 -25.77859 -25.86033 -26.03019 -26.19620 -26.36709
 -25.63311 -25.63291 -25.63313 -25.63311 -25.63291 -25.63313 -25.63311 -25.63291
 -25.63310 -25.63306 -25.63278 -25.63286 -25.63328 -25.63332 -25.63298 -25.63481
 -25.63935 -25.64905 -25.68709 -25.74022 -25.81717 -25.98004 -26.14070 -26.30627
 -25.60650 -25.60617 -25.60654 -25.60650 -25.60617 -25.60654 -25.60652 -25.60617
 -25.60646 -25.60684 -25.60677 -25.60665 -25.60656 -25.60671 -25.60729 -25.60947
 -25.61324 -25.62189 -25.65688 -25.70586 -25.77653 -25.93012 -26.08412 -26.24312
 -25.58936 -25.58911 -25.58939 -25.58937 -25.58911 -25.58939 -25.58938 -25.58911
 -25.58935 -25.58954 -25.58938 -25.58928 -25.58939 -25.58971 -25.59043 -25.59281
 -25.59707 -25.60634 -25.63868 -25.68319 -25.74969 -25.89762 -26.04668 -26.20063
 -25.56648 -25.56640 -25.56649 -25.56648 -25.56640 -25.56650 -25.56647 -25.56640
 -25.56656 -25.56623 -25.56589 -25.56632 -25.56708 -25.56729 -25.56746 -25.56976
 -25.57454 -25.58397 -25.61376 -25.65423 -25.71518 -25.85421 -25.99589 -26.14239
 -25.53698 -25.53709 -25.53697 -25.53698 -25.53709 -25.53698 -25.53693 -25.53709
 -25.53716 -25.53624 -25.53572 -25.53676 -25.53824 -25.53829 -25.53781 -25.54000
 -25.54523 -25.55434 -25.58119 -25.61736 -25.67164 -25.79944 -25.93182 -26.06891
 -25.51703 -25.51725 -25.51700 -25.51702 -25.51725 -25.51702 -25.51696 -25.51725
 -25.51727 -25.51602 -25.51539 -25.51677 -25.51866 -25.51862 -25.51777 -25.51990
 -25.52532 -25.53398 -25.55898 -25.59261 -25.64266 -25.76315 -25.88942 -26.02032
 -25.49545 -25.49577 -25.49542 -25.49545 -25.49577 -25.49544 -25.49537 -25.49577
 -25.49575 -25.49419 -25.49347 -25.49517 -25.49742 -25.49730 -25.49611 -25.49820
 -25.50372 -25.51173 -25.53484 -25.56601 -25.61171 -25.72451 -25.84431 -25.96866
 -25.47042 -25.47084 -25.47038 -25.47041 -25.47084 -25.47040 -25.47033 -25.47084
 -25.47077 -25.46892 -25.46811 -25.47011 -25.47271 -25.47250 -25.47098 -25.47306
 -25.47858 -25.48566 -25.50672 -25.53534 -25.57624 -25.68038 -25.79284 -25.90976
 -25.45236 -25.45283 -25.45230 -25.45235 -25.45283 -25.45233 -25.45225 -25.45283
 -25.45273 -25.45071 -25.44984 -25.45203 -25.45483 -25.45457 -25.45285 -25.45493
 -25.46040 -25.46670 -25.48636 -25.51331 -25.55091 -25.64894 -25.75621 -25.86786
 -25.42648 -25.42702 -25.42642 -25.42647 -25.42702 -25.42645 -25.42636 -25.42702
 -25.42689 -25.42467 -25.42373 -25.42613 -25.42917 -25.42885 -25.42689 -25.42898
 -25.43430 -25.43938 -25.45713 -25.48194 -25.51499 -25.60447 -25.70443 -25.80867
 -25.39324 -25.39384 -25.39317 -25.39322 -25.39384 -25.39320 -25.39311 -25.39384
 -25.39368 -25.39126 -25.39027 -25.39287 -25.39613 -25.39574 -25.39355 -25.39568
 -25.40071 -25.40405 -25.41951 -25.44188 -25.46938 -25.54819 -25.63896 -25.73387
 -25.37098 -25.37161 -25.37090 -25.37096 -25.37161 -25.37094 -25.37084 -25.37161
 -25.37143 -25.36892 -25.36790 -25.37060 -25.37396 -25.37354 -25.37123 -25.37341
 -25.37818 -25.38028 -25.39429 -25.41521 -25.43915 -25.51098 -25.59571 -25.68448
 -25.34708 -25.34775 -25.34700 -25.34707 -25.34775 -25.34704 -25.34694 -25.34775
 -25.34755 -25.34496 -25.34392 -25.34671 -25.35014 -25.34969 -25.34728 -25.34951
 -25.35397 -25.35468 -25.36722 -25.38671 -25.40694 -25.47142 -25.54975 -25.63203
 -25.31957 -25.32026 -25.31949 -25.31956 -25.32026 -25.31953 -25.31943 -25.32026
 -25.32005 -25.31741 -25.31635 -25.31919 -25.32268 -25.32221 -25.31970 -25.32202
 -25.32607 -25.32514 -25.33606 -25.35404 -25.37015 -25.42631 -25.49738 -25.57228
 -74.00000 -74.00000 -74.00000 -74.00000 -74.00000 -74.00000 -74.00000 -74.00000
 -74.00000 -74.00000 -74.00000 -74.00000 -74.00000 -74.00000 -74.00000 -74.00000
 -74.00000 -74.00000 -74.00000 -74.00000 -74.00000 -74.00000 -74.00000 -74.00000
 -64.04036 -64.02001 -63.99985 -63.97300 -63.95238 -63.93209 -63.90531 -63.88468
 -63.86438 -63.83760 -63.81697 -63.79668 -63.76986 -63.74921 -63.72913 -63.70186
 -63.68363 -63.67803 -63.68103 -63.68050 -63.68093 -63.68331 -63.68524 -63.68927
 -48.20535 -48.20607 -48.20692 -48.20813 -48.20892 -48.20977 -48.21093 -48.21175
 -48.21261 -48.21376 -48.21457 -48.21544 -48.21665 -48.21756 -48.21859 -48.22021
 -48.22159 -48.22315 -48.22673 -48.23231 -48.24191 -48.25906 -48.27276 -48.28702
 -41.62471 -41.62474 -41.62462 -41.62467 -41.62500 -41.62501 -41.62500 -41.62533
 -41.62536 -41.62534 -41.62568 -41.62570 -41.62569 -41.62601 -41.62600 -41.62604
 -41.62655 -41.62675 -41.62801 -41.63121 -41.63631 -41.64908 -41.66302 -41.67519
 -36.67331 -36.67336 -36.67344 -36.67354 -36.67360 -36.67367 -36.67377 -36.67383
 -36.67391 -36.67399 -36.67404 -36.67421 -36.67407 -36.67358 -36.67361 -36.67342
 -36.67206 -36.67018 -36.66638 -36.66332 -36.66408 -36.67453 -36.68839 -36.70386
 -32.83516 -32.83500 -32.83451 -32.83423 -32.83458 -32.83434 -32.83396 -32.83431
 -32.83409 -32.83370 -32.83407 -32.83384 -32.83309 -32.83279 -32.83176 -32.82911
 -32.82556 -32.81845 -32.80272 -32.78982 -32.78557 -32.79707 -32.81313 -32.82875
 -30.89986 -30.89984 -30.89972 -30.89969 -30.89985 -30.89982 -30.89975 -30.89992
 -30.89988 -30.89979 -30.89993 -30.89976 -30.89924 -30.89864 -30.89702 -30.89262
 -30.88597 -30.87294 -30.84790 -30.83200 -30.83177 -30.85086 -30.86807 -30.88305
 -28.95945 -28.95955 -28.95994 -28.96009 -28.95968 -28.95985 -28.96009 -28.95965
 -28.95994 -28.96000 -28.95891 -28.95886 -28.95893 -28.95724 -28.95477 -28.94781
 -28.93609 -28.91591 -28.88729 -28.87894 -28.88874 -28.91342 -28.92784 -28.94092
 -27.38927 -27.38936 -27.38968 -27.38982 -27.38949 -27.38959 -27.38988 -27.38958
 -27.38925 -27.38885 -27.38854 -27.38838 -27.38763 -27.38584 -27.38255 -27.37302
 -27.35847 -27.33494 -27.31065 -27.31362 -27.32811 -27.35058 -27.36539 -27.38238
 -26.71521 -26.71521 -26.71520 -26.71520 -26.71521 -26.71521 -26.71520 -26.71520
 -26.71522 -26.71522 -26.71522 -26.71529 -26.71512 -26.71385 -26.71008 -26.69972
 -26.68566 -26.66306 -26.64271 -26.65011 -26.66587 -26.68674 -26.70240 -26.72534
 -26.21905 -26.21907 -26.21914 -26.21917 -26.21910 -26.21911 -26.21921 -26.21916
 -26.21888 -26.21854 -26.21857 -26.21855 -26.21762 -26.21570 -26.21248 -26.20330
 -26.18983 -26.17016 -26.15468 -26.16289 -26.17762 -26.19906 -26.21912 -26.24888
 -25.84653 -25.84656 -25.84665 -25.84669 -25.84661 -25.84665 -25.84668 -25.84658
 -25.84674 -25.84598 -25.84436 -25.84404 -25.84383 -25.84197 -25.83993 -25.83311
 -25.82133 -25.80507 -25.79309 -25.80052 -25.81479 -25.83816 -25.86185 -25.89794
 -25.66989 -25.66985 -25.66970 -25.66963 -25.66976 -25.66972 -25.66961 -25.66972
 -25.66985 -25.66944 -25.66862 -25.66798 -25.66721 -25.66613 -25.66438 -25.65795
 -25.64777 -25.63404 -25.62448 -25.63165 -25.64502 -25.66839 -25.69394 -25.73301
 -25.50692 -25.50691 -25.50688 -25.50693 -25.50704 -25.50698 -25.50693 -25.50705
 -25.50694 -25.50703 -25.50738 -25.50663 -25.50507 -25.50449 -25.50310 -25.49756
 -25.48954 -25.47915 -25.47265 -25.47924 -25.49101 -25.51338 -25.54017 -25.58185
 -25.40087 -25.40071 -25.40010 -25.39937 -25.39940 -25.39949 -25.39947 -25.39944
 -25.39945 -25.39946 -25.39941 -25.39948 -25.39939 -25.39875 -25.39741 -25.39371
 -25.38869 -25.38167 -25.37670 -25.38123 -25.39102 -25.41166 -25.43755 -25.48002
 -25.36793 -25.36786 -25.36761 -25.36753 -25.36781 -25.36770 -25.36751 -25.36779
 -25.36766 -25.36753 -25.36786 -25.36733 -25.36621 -25.36594 -25.36513 -25.36246
 -25.35876 -25.35293 -25.34870 -25.35310 -25.36255 -25.38245 -25.40720 -25.44786
 -25.35495 -25.35493 -25.35486 -25.35482 -25.35491 -25.35497 -25.35465 -25.35414
 -25.35385 -25.35390 -25.35399 -25.35395 -25.35366 -25.35319 -25.35223 -25.35014
 -25.34757 -25.34330 -25.33978 -25.34293 -25.35130 -25.37005 -25.39349 -25.43303
 -25.35824 -25.35831 -25.35856 -25.35864 -25.35836 -25.35850 -25.35861 -25.35813
 -25.35816 -25.35836 -25.35806 -25.35828 -25.35835 -25.35743 -25.35690 -25.35568
 -25.35306 -25.34953 -25.34679 -25.34898 -25.35599 -25.37300 -25.39492 -25.43217
 -25.36943 -25.36952 -25.36986 -25.37000 -25.36966 -25.36978 -25.37003 -25.36973
 -25.36987 -25.37008 -25.36973 -25.36992 -25.36990 -25.36893 -25.36854 -25.36763
 -25.36518 -25.36197 -25.35987 -25.36215 -25.36801 -25.38344 -25.40480 -25.43959
 -25.39468 -25.39466 -25.39459 -25.39456 -25.39463 -25.39460 -25.39455 -25.39461
 -25.39459 -25.39453 -25.39459 -25.39466 -25.39437 -25.39371 -25.39297 -25.39194
 -25.39064 -25.38822 -25.38605 -25.38787 -25.39315 -25.40709 -25.42633 -25.45849
 -25.43290 -25.43284 -25.43259 -25.43249 -25.43274 -25.43264 -25.43247 -25.43273
 -25.43264 -25.43248 -25.43274 -25.43263 -25.43250 -25.43276 -25.43226 -25.43081
 -25.42972 -25.42809 -25.42615 -25.42688 -25.43158 -25.44386 -25.45964 -25.48784
 -25.46142 -25.46138 -25.46121 -25.46114 -25.46132 -25.46125 -25.46114 -25.46131
 -25.46125 -25.46114 -25.46132 -25.46123 -25.46118 -25.46139 -25.46089 -25.45942
 -25.45817 -25.45636 -25.45470 -25.45573 -25.45936 -25.46980 -25.48487 -25.51082
 -25.49258 -25.49249 -25.49215 -25.49201 -25.49236 -25.49222 -25.49199 -25.49235
 -25.49223 -25.49200 -25.49236 -25.49220 -25.49205 -25.49246 -25.49175 -25.49036
 -25.48994 -25.48835 -25.48604 -25.48658 -25.48987 -25.49938 -25.51277 -25.53605
 -25.52802 -25.52786 -25.52723 -25.52698 -25.52762 -25.52737 -25.52695 -25.52761
 -25.52738 -25.52695 -25.52762 -25.52734 -25.52704 -25.52784 -25.52686 -25.52554
 -25.52639 -25.52525 -25.52191 -25.52155 -25.52475 -25.53362 -25.54469 -25.56472
 -25.55315 -25.55294 -25.55210 -25.55177 -25.55262 -25.55228 -25.55172 -25.55260
 -25.55229 -25.55172 -25.55261 -25.55224 -25.55184 -25.55291 -25.55175 -25.55047
 -25.55222 -25.55139 -25.54732 -25.54634 -25.54947 -25.55789 -25.56734 -25.58506
 -25.58854 -25.58825 -25.58711 -25.58666 -25.58782 -25.58736 -25.58660 -25.58778
 -25.58737 -25.58660 -25.58780 -25.58730 -25.58675 -25.58822 -25.58679 -25.58557
 -25.58857 -25.58816 -25.58308 -25.58125 -25.58429 -25.59208 -25.59925 -25.61372
 -25.63308 -25.63269 -25.63116 -25.63055 -25.63210 -25.63150 -25.63047 -25.63206
 -25.63151 -25.63047 -25.63208 -25.63142 -25.63067 -25.63264 -25.63087 -25.62972
 -25.63428 -25.63439 -25.62804 -25.62517 -25.62809 -25.63509 -25.63946 -25.64983
 -25.66238 -25.66192 -25.66013 -25.65943 -25.66124 -25.66053 -25.65932 -25.66119
 -25.66054 -25.65933 -25.66122 -25.66044 -25.65956 -25.66187 -25.65988 -25.65875
 -25.66434 -25.66477 -25.65760 -25.65406 -25.65690 -25.66340 -25.66594 -25.67361
 -25.69342 -25.69289 -25.69082 -25.69000 -25.69210 -25.69127 -25.68988 -25.69204
 -25.69129 -25.68988 -25.69207 -25.69118 -25.69014 -25.69282 -25.69059 -25.68949
 -25.69615 -25.69693 -25.68888 -25.68466 -25.68742 -25.69338 -25.69400 -25.69881
 -25.72866 -25.72805 -25.72565 -25.72470 -25.72714 -25.72618 -25.72457 -25.72707
 -25.72620 -25.72457 -25.72710 -25.72608 -25.72486 -25.72796 -25.72546 -25.72439
 -25.73226 -25.73341 -25.72438 -25.71941 -25.72207 -25.72743 -25.72591 -25.72745
 -32.59413 -32.87146 -33.16307 -33.55831 -33.86059 -34.16340 -34.56109 -34.85787
 -35.15367 -35.55051 -35.85334 -36.15609 -36.55480 -36.85623 -37.15647 -37.54800
 -37.84134 -38.13284 -38.51574 -38.80807 -39.10561 -39.50932 -39.82665 -40.15349
 -31.30634 -31.58104 -31.87126 -32.26360 -32.56324 -32.86405 -33.26147 -33.56035
 -33.85863 -34.25555 -34.55747 -34.85948 -35.25729 -35.55854 -35.85962 -36.25466
 -36.55277 -36.85047 -37.24217 -37.53989 -37.83993 -38.23969 -38.54708 -38.85847
 -29.71182 -29.98265 -30.27069 -30.65922 -30.95566 -31.25406 -31.65100 -31.95231
 -32.25353 -32.65063 -32.95164 -33.25302 -33.65002 -33.95110 -34.25294 -34.65114
 -34.95354 -35.25682 -35.65644 -35.95901 -36.26129 -36.65749 -36.95595 -37.25342
 -28.92214 -29.18616 -29.46923 -29.85407 -30.14937 -30.44713 -30.84292 -31.14392
 -31.44540 -31.84284 -32.14452 -32.44695 -32.84519 -33.14648 -33.44724 -33.84101
 -34.13731 -34.43261 -34.82097 -35.11661 -35.41566 -35.81702 -36.12831 -36.44572
 -28.34272 -28.59364 -28.86447 -29.23802 -29.52907 -29.82513 -30.22000 -30.52016
 -30.82039 -31.21539 -31.51357 -31.81141 -32.20441 -32.50423 -32.80844 -33.21932
 -33.53866 -33.86150 -34.27782 -34.56894 -34.82045 -35.06815 -35.19332 -35.28031
 -27.87806 -28.10467 -28.35017 -28.69796 -28.97722 -29.26606 -29.65394 -29.94985
 -30.24550 -30.62955 -30.91046 -31.17311 -31.46741 -31.63375 -31.74746 -31.83245
 -31.86477 -31.88263 -31.89633 -31.90199 -31.90518 -31.90887 -31.91205 -31.91706
 -27.63950 -27.84455 -28.06756 -28.39150 -28.65669 -28.93050 -29.28454 -29.52906
 -29.73514 -29.92914 -30.01964 -30.07533 -30.11733 -30.13565 -30.14712 -30.15576
 -30.15867 -30.15959 -30.15937 -30.15774 -30.15580 -30.15557 -30.15664 -30.15969
 -27.36512 -27.52701 -27.69351 -27.91842 -28.07651 -28.20570 -28.31999 -28.37077
 -28.40133 -28.42287 -28.43054 -28.43396 -28.43517 -28.43420 -28.43231 -28.43009
 -28.42913 -28.42910 -28.43061 -28.43196 -28.43291 -28.43393 -28.43628 -28.44040
 -26.83141 -26.89404 -26.94798 -27.00616 -27.03755 -27.05783 -27.07194 -27.07679
 -27.07904 -27.08026 -27.08061 -27.08081 -27.08115 -27.08144 -27.08172 -27.08198
 -27.08204 -27.08211 -27.08241 -27.08219 -27.08207 -27.08369 -27.08534 -27.08753
 -26.39006 -26.41923 -26.44333 -26.46718 -26.47875 -26.48566 -26.49069 -26.49265
 -26.49367 -26.49449 -26.49489 -26.49508 -26.49502 -26.49493 -26.49485 -26.49473
 -26.49472 -26.49473 -26.49464 -26.49474 -26.49520 -26.49647 -26.49765 -26.49948
 -25.98007 -25.99470 -26.00568 -26.01645 -26.02190 -26.02539 -26.02818 -26.02913
 -26.02940 -26.02947 -26.02953 -26.02962 -26.02969 -26.02973 -26.02979 -26.02985
 -26.02986 -26.02985 -26.02989 -26.03018 -26.03027 -26.02962 -26.03120 -26.03470
 -25.61473 -25.62232 -25.62744 -25.63270 -25.63566 -25.63767 -25.63930 -25.63985
 -25.64002 -25.64013 -25.64015 -25.64015 -25.64020 -25.64022 -25.64021 -25.64021
 -25.64020 -25.64020 -25.64023 -25.64008 -25.64012 -25.64132 -25.64259 -25.64462
 -25.41926 -25.42418 -25.42744 -25.43106 -25.43319 -25.43461 -25.43571 -25.43607
 -25.43619 -25.43628 -25.43630 -25.43631 -25.43635 -25.43637 -25.43637 -25.43638
 -25.43633 -25.43635 -25.43671 -25.43676 -25.43687 -25.43824 -25.43981 -25.44234
 -25.22259 -25.22532 -25.22720 -25.22942 -25.23074 -25.23162 -25.23236 -25.23261
 -25.23267 -25.23274 -25.23276 -25.23275 -25.23276 -25.23275 -25.23275 -25.23277
 -25.23270 -25.23271 -25.23327 -25.23363 -25.23393 -25.23511 -25.23736 -25.24129
 -25.07680 -25.07800 -25.07886 -25.08002 -25.08075 -25.08120 -25.08152 -25.08162
 -25.08168 -25.08178 -25.08183 -25.08183 -25.08180 -25.08179 -25.08180 -25.08179
 -25.08178 -25.08181 -25.08206 -25.08238 -25.08296 -25.08459 -25.08702 -25.09127
 -25.02012 -25.02081 -25.02128 -25.02205 -25.02257 -25.02288 -25.02298 -25.02306
 -25.02309 -25.02277 -25.02260 -25.02265 -25.02293 -25.02302 -25.02299 -25.02301
 -25.02310 -25.02332 -25.02388 -25.02446 -25.02537 -25.02763 -25.03033 -25.03486
 -24.97946 -24.98000 -24.98033 -24.98063 -24.98083 -24.98108 -24.98155 -24.98134
 -24.98145 -24.98398 -24.98499 -24.98467 -24.98473 -24.98485 -24.98481 -24.98482
 -24.98485 -24.98497 -24.98531 -24.98510 -24.98506 -24.98760 -24.99227 -24.99917
 -24.96607 -24.96629 -24.96643 -24.96669 -24.96688 -24.96701 -24.96710 -24.96708
 -24.96710 -24.96745 -24.96759 -24.96755 -24.96753 -24.96754 -24.96754 -24.96751
 -24.96757 -24.96755 -24.96728 -24.96838 -24.97063 -24.97380 -24.97725 -24.98273
 -24.96489 -24.96505 -24.96516 -24.96533 -24.96544 -24.96548 -24.96548 -24.96555
 -24.96553 -24.96504 -24.96484 -24.96490 -24.96493 -24.96492 -24.96494 -24.96501
 -24.96512 -24.96509 -24.96481 -24.96619 -24.96900 -24.97275 -24.97572 -24.98046
 -24.97462 -24.97473 -24.97480 -24.97485 -24.97487 -24.97488 -24.97491 -24.97489
 -24.97490 -24.97512 -24.97521 -24.97518 -24.97518 -24.97515 -24.97509 -24.97509
 -24.97522 -24.97515 -24.97466 -24.97641 -24.97915 -24.98031 -24.98295 -24.98884
 -24.99903 -24.99908 -24.99912 -24.99918 -24.99920 -24.99922 -24.99922 -24.99923
 -24.99923 -24.99921 -24.99921 -24.99921 -24.99917 -24.99934 -24.99958 -24.99957
 -24.99970 -24.99996 -25.00015 -25.00078 -25.00179 -25.00321 -25.00573 -25.01037
 -25.02190 -25.02192 -25.02194 -25.02197 -25.02198 -25.02199 -25.02200 -25.02200
 -25.02200 -25.02201 -25.02201 -25.02201 -25.02200 -25.02205 -25.02214 -25.02218
 -25.02217 -25.02228 -25.02274 -25.02287 -25.02310 -25.02471 -25.02688 -25.03036
 -25.04637 -25.04639 -25.04640 -25.04642 -25.04642 -25.04643 -25.04643 -25.04643
 -25.04643 -25.04643 -25.04643 -25.04643 -25.04643 -25.04642 -25.04639 -25.04631
 -25.04625 -25.04623 -25.04634 -25.04651 -25.04685 -25.04793 -25.04953 -25.05256
 -25.07282 -25.07283 -25.07284 -25.07285 -25.07286 -25.07286 -25.07286 -25.07286
 -25.07286 -25.07286 -25.07286 -25.07286 -25.07287 -25.07282 -25.07284 -25.07324
 -25.07341 -25.07336 -25.07329 -25.07345 -25.07380 -25.07452 -25.07588 -25.07864
 -25.09309 -25.09310 -25.09311 -25.09311 -25.09312 -25.09312 -25.09312 -25.09312
 -25.09312 -25.09312 -25.09312 -25.09312 -25.09313 -25.09309 -25.09310 -25.09338
 -25.09346 -25.09344 -25.09367 -25.09383 -25.09397 -25.09459 -25.09591 -25.09851
 -25.12229 -25.12231 -25.12231 -25.12231 -25.12232 -25.12232 -25.12232 -25.12232
 -25.12232 -25.12232 -25.12233 -25.12232 -25.12231 -25.12237 -25.12236 -25.12189
 -25.12157 -25.12168 -25.12258 -25.12263 -25.12229 -25.12311 -25.12454 -25.12693
 -25.15911 -25.15912 -25.15912 -25.15913 -25.15913 -25.15913 -25.15913 -25.15913
 -25.15913 -25.15913 -25.15914 -25.15914 -25.15909 -25.15928 -25.15924 -25.15781
 -25.15698 -25.15727 -25.15902 -25.15891 -25.15796 -25.15905 -25.16061 -25.16275
 -25.18336 -25.18337 -25.18337 -25.18337 -25.18337 -25.18338 -25.18338 -25.18338
 -25.18338 -25.18338 -25.18340 -25.18339 -25.18332 -25.18359 -25.18353 -25.18147
 -25.18030 -25.18071 -25.18302 -25.18281 -25.18145 -25.18272 -25.18437 -25.18634
 -25.20906 -25.20907 -25.20907 -25.20908 -25.20908 -25.20908 -25.20908 -25.20908
 -25.20908 -25.20907 -25.20910 -25.20909 -25.20900 -25.20937 -25.20928 -25.20655
 -25.20502 -25.20555 -25.20846 -25.20814 -25.20635 -25.20782 -25.20956 -25.21135
 -25.23828 -25.23829 -25.23829 -25.23829 -25.23829 -25.23829 -25.23829 -25.23829
 -25.23829 -25.23829 -25.23832 -25.23831 -25.23819 -25.23866 -25.23855 -25.23506
 -25.23312 -25.23380 -25.23738 -25.23694 -25.23466 -25.23634 -25.23819 -25.23978
 -34.54763 -34.85258 -35.16236 -35.57557 -35.89375 -36.21931 -36.65403 -36.97007
 -37.26073 -37.57682 -37.74075 -37.84920 -37.95218 -38.04989 -38.22670 -38.70095
 -39.32771 -40.13770 -40.91992 -41.37882 -42.04744 -43.35004 -44.61516 -46.02437
 -33.30852 -33.59820 -33.89525 -34.29576 -34.60460 -34.91798 -35.33391 -35.64194
 -35.93758 -36.29439 -36.52367 -36.71823 -36.94242 -37.11746 -37.33750 -37.77158
 -38.24562 -38.77762 -39.34847 -39.76755 -40.32090 -41.32752 -42.27606 -43.32074
 -31.56329 -31.80934 -32.07409 -32.44951 -32.74637 -33.04758 -33.44567 -33.74600
 -34.04541 -34.43826 -34.73065 -35.01724 -35.38722 -35.66322 -35.93945 -36.31758
 -36.62297 -36.93885 -37.36816 -37.72475 -38.13237 -38.76922 -39.31998 -39.90516
 -30.26315 -30.47693 -30.71939 -31.07924 -31.37074 -31.66866 -32.06306 -32.36178
 -32.66127 -33.05876 -33.36039 -33.66160 -34.05911 -34.36117 -34.66340 -35.06254
 -35.36541 -35.66723 -36.06283 -36.36001 -36.65214 -37.02693 -37.30155 -37.56440
 -28.92020 -29.10833 -29.33295 -29.68049 -29.96817 -30.26454 -30.65798 -30.95628
 -31.25525 -31.65181 -31.95270 -32.25228 -32.64319 -32.93277 -33.21091 -33.54859
 -33.77057 -33.95238 -34.12142 -34.20016 -34.24689 -34.27775 -34.28997 -34.30074
 -27.91188 -28.07744 -28.28470 -28.61814 -28.89923 -29.19008 -29.57370 -29.85866
 -30.13383 -30.46583 -30.67480 -30.83673 -30.97837 -31.04075 -31.07537 -31.09514
 -31.09989 -31.10027 -31.09843 -31.09784 -31.09746 -31.09788 -31.10177 -31.11013
 -27.44489 -27.59541 -27.78893 -28.10478 -28.36906 -28.63472 -28.95647 -29.15761
 -29.31124 -29.44136 -29.49526 -29.52515 -29.54412 -29.55108 -29.55468 -29.55647
 -29.55661 -29.55629 -29.55594 -29.55619 -29.55660 -29.55779 -29.56065 -29.56667
 -27.01187 -27.13526 -27.29550 -27.54022 -27.71235 -27.84816 -27.96525 -28.01654
 -28.04566 -28.06354 -28.06959 -28.07236 -28.07383 -28.07473 -28.07512 -28.07481
 -28.07487 -28.07487 -28.07462 -28.07488 -28.07518 -28.07596 -28.07837 -28.08307
 -26.55792 -26.62587 -26.70427 -26.80212 -26.85657 -26.89134 -26.91472 -26.92266
 -26.92628 -26.92823 -26.92908 -26.92969 -26.93008 -26.93012 -26.93020 -26.93045
 -26.93044 -26.93070 -26.93138 -26.93135 -26.93158 -26.93289 -26.93414 -26.93697
 -26.24345 -26.28403 -26.32785 -26.37709 -26.40299 -26.41926 -26.43004 -26.43336
 -26.43485 -26.43599 -26.43630 -26.43643 -26.43660 -26.43661 -26.43659 -26.43658
 -26.43657 -26.43658 -26.43655 -26.43643 -26.43671 -26.43779 -26.43869 -26.44075
 -25.94078 -25.96543 -25.99224 -26.01991 -26.03301 -26.04081 -26.04626 -26.04804
 -26.04891 -26.04962 -26.04978 -26.04982 -26.04991 -26.04993 -26.04991 -26.04993
 -26.04999 -26.05004 -26.05005 -26.05001 -26.05008 -26.05052 -26.05130 -26.05296
 -25.65590 -25.67022 -25.68665 -25.70243 -25.70854 -25.71162 -25.71426 -25.71549
 -25.71622 -25.71667 -25.71672 -25.71668 -25.71668 -25.71668 -25.71668 -25.71667
 -25.71666 -25.71664 -25.71665 -25.71675 -25.71667 -25.71675 -25.71797 -25.71984
 -25.48665 -25.49607 -25.50750 -25.51824 -25.52182 -25.52329 -25.52491 -25.52588
 -25.52646 -25.52671 -25.52674 -25.52675 -25.52675 -25.52675 -25.52675 -25.52675
 -25.52676 -25.52673 -25.52675 -25.52702 -25.52713 -25.52713 -25.52782 -25.52900
 -25.29087 -25.29574 -25.30216 -25.30809 -25.30961 -25.30993 -25.31066 -25.31129
 -25.31169 -25.31179 -25.31181 -25.31183 -25.31182 -25.31182 -25.31183 -25.31182
 -25.31182 -25.31180 -25.31187 -25.31223 -25.31259 -25.31290 -25.31348 -25.31486
 -25.12535 -25.12734 -25.13036 -25.13318 -25.13368 -25.13359 -25.13393 -25.13432
 -25.13454 -25.13452 -25.13456 -25.13462 -25.13462 -25.13459 -25.13460 -25.13470
 -25.13478 -25.13485 -25.13498 -25.13526 -25.13564 -25.13645 -25.13770 -25.13952
 -25.05903 -25.06023 -25.06207 -25.06371 -25.06386 -25.06368 -25.06387 -25.06415
 -25.06430 -25.06425 -25.06429 -25.06434 -25.06433 -25.06431 -25.06438 -25.06464
 -25.06482 -25.06486 -25.06491 -25.06535 -25.06599 -25.06705 -25.06836 -25.07051
 -25.01659 -25.01741 -25.01859 -25.01957 -25.01957 -25.01935 -25.01935 -25.01949
 -25.01962 -25.01970 -25.01972 -25.01973 -25.01975 -25.01978 -25.01991 -25.02015
 -25.02016 -25.02029 -25.02074 -25.02095 -25.02140 -25.02272 -25.02418 -25.02662
 -24.99311 -24.99340 -24.99399 -24.99465 -24.99477 -24.99465 -24.99446 -24.99444
 -24.99466 -24.99513 -24.99524 -24.99514 -24.99492 -24.99491 -24.99491 -24.99489
 -24.99508 -24.99527 -24.99552 -24.99610 -24.99688 -24.99816 -24.99972 -25.00215
 -24.98760 -24.98783 -24.98823 -24.98866 -24.98874 -24.98870 -24.98867 -24.98866
 -24.98863 -24.98866 -24.98881 -24.98882 -24.98855 -24.98854 -24.98856 -24.98856
 -24.98869 -24.98848 -24.98866 -24.99096 -24.99267 -24.99290 -24.99478 -24.99756
 -24.99055 -24.99072 -24.99101 -24.99129 -24.99131 -24.99121 -24.99110 -24.99111
 -24.99128 -24.99131 -24.99084 -24.99188 -24.99529 -24.99566 -24.99521 -24.99530
 -24.99535 -24.99539 -24.99539 -24.99512 -24.99483 -24.99534 -24.99721 -25.00016
 -25.01190 -25.01200 -25.01216 -25.01231 -25.01232 -25.01227 -25.01224 -25.01227
 -25.01237 -25.01259 -25.01268 -25.01251 -25.01206 -25.01209 -25.01214 -25.01210
 -25.01245 -25.01265 -25.01256 -25.01308 -25.01395 -25.01529 -25.01665 -25.01891
 -25.03086 -25.03094 -25.03109 -25.03123 -25.03123 -25.03115 -25.03104 -25.03107
 -25.03131 -25.03174 -25.03178 -25.03173 -25.03177 -25.03178 -25.03175 -25.03179
 -25.03205 -25.03225 -25.03226 -25.03240 -25.03287 -25.03409 -25.03542 -25.03759
 -25.05635 -25.05643 -25.05655 -25.05665 -25.05666 -25.05664 -25.05665 -25.05666
 -25.05665 -25.05663 -25.05663 -25.05664 -25.05662 -25.05655 -25.05671 -25.05715
 -25.05713 -25.05717 -25.05761 -25.05789 -25.05825 -25.05912 -25.06022 -25.06230
 -25.08870 -25.08876 -25.08885 -25.08894 -25.08895 -25.08896 -25.08901 -25.08907
 -25.08912 -25.08913 -25.08910 -25.08909 -25.08909 -25.08905 -25.08916 -25.08952
 -25.08957 -25.08953 -25.08961 -25.08977 -25.09014 -25.09114 -25.09239 -25.09435
 -25.11290 -25.11295 -25.11302 -25.11305 -25.11307 -25.11315 -25.11341 -25.11361
 -25.11373 -25.11372 -25.11368 -25.11367 -25.11368 -25.11367 -25.11369 -25.11370
 -25.11364 -25.11381 -25.11428 -25.11423 -25.11438 -25.11546 -25.11659 -25.11830
 -25.14844 -25.14849 -25.14858 -25.14866 -25.14867 -25.14866 -25.14866 -25.14864
 -25.14857 -25.14860 -25.14897 -25.14926 -25.14921 -25.14920 -25.14921 -25.14923
 -25.14930 -25.14928 -25.14921 -25.14956 -25.14991 -25.15039 -25.15153 -25.15332
 -25.19447 -25.19452 -25.19460 -25.19468 -25.19469 -25.19469 -25.19474 -25.19481
 -25.19490 -25.19488 -25.19457 -25.19433 -25.19437 -25.19441 -25.19433 -25.19435
 -25.19493 -25.19551 -25.19556 -25.19516 -25.19509 -25.19587 -25.19664 -25.19797
 -25.22486 -25.22490 -25.22498 -25.22504 -25.22506 -25.22508 -25.22521 -25.22538
 -25.22561 -25.22553 -25.22468 -25.22401 -25.22412 -25.22420 -25.22405 -25.22408
 -25.22501 -25.22606 -25.22627 -25.22527 -25.22485 -25.22594 -25.22642 -25.22739
 -25.25707 -25.25711 -25.25718 -25.25723 -25.25724 -25.25729 -25.25750 -25.25778
 -25.25816 -25.25803 -25.25659 -25.25548 -25.25566 -25.25578 -25.25556 -25.25558
 -25.25688 -25.25844 -25.25883 -25.25719 -25.25640 -25.25780 -25.25798 -25.25857
 -25.29369 -25.29373 -25.29378 -25.29381 -25.29383 -25.29391 -25.29421 -25.29461
 -25.29516 -25.29497 -25.29287 -25.29125 -25.29151 -25.29168 -25.29137 -25.29139
 -25.29311 -25.29525 -25.29583 -25.29347 -25.29226 -25.29403 -25.29386 -25.29402
 -36.40554 -36.40608 -36.40716 -36.40902 -36.41043 -36.41220 -36.41732 -36.42513
 -36.44165 -36.49487 -36.57297 -36.69501 -36.93662 -37.18066 -37.46397 -37.85534
 -38.15550 -38.46588 -38.92934 -39.39236 -40.04427 -41.32880 -42.52930 -43.75971
 -34.88790 -34.88832 -34.88918 -34.89070 -34.89194 -34.89358 -34.89824 -34.90518
 -34.91983 -34.96733 -35.03735 -35.14814 -35.37278 -35.60317 -35.87380 -36.25510
 -36.55111 -36.85661 -37.30235 -37.72477 -38.28945 -39.35381 -40.32754 -41.31454
 -32.97635 -32.97662 -32.97718 -32.97828 -32.97930 -32.98078 -32.98485 -32.99071
 -33.00300 -33.04329 -33.10313 -33.19973 -33.40302 -33.61620 -33.87086 -34.23946
 -34.53025 -34.82959 -35.25298 -35.62420 -36.07884 -36.86464 -37.54793 -38.21094
 -31.71820 -31.71837 -31.71874 -31.71956 -31.72044 -31.72181 -31.72550 -31.73064
 -31.74137 -31.77692 -31.83006 -31.91731 -32.10652 -32.30837 -32.55250 -32.91270
 -33.19999 -33.49515 -33.90345 -34.24023 -34.62062 -35.21479 -35.68835 -36.10640
 -30.38723 -30.38729 -30.38747 -30.38799 -30.38871 -30.38997 -30.39325 -30.39763
 -30.40671 -30.43722 -30.48324 -30.56056 -30.73478 -30.92447 -31.15718 -31.50770
 -31.79000 -32.07819 -32.46295 -32.75113 -33.03045 -33.36888 -33.57579 -33.72935
 -28.95691 -28.95691 -28.95696 -28.95726 -28.95781 -28.95886 -28.96157 -28.96511
 -28.97246 -28.99738 -29.03517 -29.10045 -29.25441 -29.42580 -29.63751 -29.95338
 -30.19353 -30.41157 -30.63885 -30.75495 -30.82892 -30.88314 -30.90815 -30.93075
 -28.22762 -28.22771 -28.22791 -28.22833 -28.22877 -28.22946 -28.23151 -28.23451
 -28.24086 -28.26190 -28.29321 -28.34716 -28.47488 -28.61673 -28.78612 -29.01232
 -29.15360 -29.25468 -29.33245 -29.36397 -29.38243 -29.39645 -29.40557 -29.41842
 -27.45012 -27.45005 -27.44993 -27.44992 -27.45021 -27.45085 -27.45231 -27.45393
 -27.45722 -27.46902 -27.48727 -27.51849 -27.58882 -27.66191 -27.73934 -27.82199
 -27.86258 -27.88706 -27.90332 -27.90892 -27.91208 -27.91642 -27.92167 -27.93057
 -26.63329 -26.63333 -26.63340 -26.63355 -26.63367 -26.63383 -26.63422 -26.63475
 -26.63583 -26.63931 -26.64445 -26.65314 -26.67250 -26.69204 -26.71178 -26.73123
 -26.74017 -26.74532 -26.74902 -26.75053 -26.75157 -26.75338 -26.75620 -26.76175
 -26.20222 -26.20221 -26.20220 -26.20219 -26.20221 -26.20226 -26.20240 -26.20260
 -26.20305 -26.20466 -26.20723 -26.21169 -26.22142 -26.23108 -26.24085 -26.25074
 -26.25524 -26.25780 -26.25994 -26.26065 -26.26089 -26.26252 -26.26487 -26.26876
 -25.85139 -25.85139 -25.85139 -25.85139 -25.85141 -25.85146 -25.85157 -25.85173
 -25.85205 -25.85309 -25.85478 -25.85775 -25.86428 -25.87098 -25.87795 -25.88514
 -25.88847 -25.89035 -25.89157 -25.89192 -25.89222 -25.89359 -25.89509 -25.89742
 -25.56186 -25.56187 -25.56187 -25.56189 -25.56192 -25.56195 -25.56204 -25.56218
 -25.56247 -25.56331 -25.56464 -25.56702 -25.57248 -25.57826 -25.58439 -25.59100
 -25.59411 -25.59594 -25.59747 -25.59800 -25.59821 -25.59914 -25.59997 -25.60117
 -25.40687 -25.40688 -25.40688 -25.40689 -25.40691 -25.40694 -25.40703 -25.40717
 -25.40742 -25.40815 -25.40931 -25.41142 -25.41641 -25.42184 -25.42776 -25.43429
 -25.43749 -25.43942 -25.44084 -25.44129 -25.44144 -25.44188 -25.44256 -25.44378
 -25.23572 -25.23573 -25.23573 -25.23574 -25.23575 -25.23577 -25.23583 -25.23593
 -25.23615 -25.23677 -25.23776 -25.23956 -25.24393 -25.24887 -25.25463 -25.26171
 -25.26541 -25.26754 -25.26894 -25.26941 -25.26963 -25.26988 -25.27019 -25.27080
 -25.08612 -25.08613 -25.08614 -25.08617 -25.08619 -25.08622 -25.08626 -25.08633
 -25.08647 -25.08696 -25.08780 -25.08932 -25.09293 -25.09727 -25.10261 -25.10924
 -25.11291 -25.11522 -25.11657 -25.11729 -25.11812 -25.11851 -25.11882 -25.11955
 -25.02298 -25.02300 -25.02303 -25.02308 -25.02313 -25.02317 -25.02321 -25.02323
 -25.02331 -25.02372 -25.02452 -25.02597 -25.02912 -25.03289 -25.03772 -25.04406
 -25.04758 -25.04982 -25.05196 -25.05293 -25.05336 -25.05397 -25.05434 -25.05462
 -24.98066 -24.98066 -24.98066 -24.98067 -24.98069 -24.98071 -24.98075 -24.98080
 -24.98091 -24.98122 -24.98176 -24.98276 -24.98526 -24.98836 -24.99239 -24.99788
 -25.00075 -25.00271 -25.00643 -25.00833 -25.00850 -25.00876 -25.00885 -25.00855
 -24.95654 -24.95655 -24.95655 -24.95655 -24.95655 -24.95656 -24.95659 -24.95663
 -24.95671 -24.95695 -24.95733 -24.95803 -24.95982 -24.96208 -24.96496 -24.96883
 -24.97110 -24.97257 -24.97357 -24.97405 -24.97427 -24.97373 -24.97511 -24.97796
 -24.94794 -24.94794 -24.94794 -24.94794 -24.94795 -24.94796 -24.94799 -24.94802
 -24.94808 -24.94825 -24.94854 -24.94907 -24.95042 -24.95209 -24.95422 -24.95703
 -24.95866 -24.95971 -24.96039 -24.96035 -24.96052 -24.96308 -24.96453 -24.96469
 -24.94765 -24.94765 -24.94765 -24.94765 -24.94765 -24.94766 -24.94767 -24.94769
 -24.94773 -24.94784 -24.94802 -24.94836 -24.94919 -24.95022 -24.95151 -24.95317
 -24.95409 -24.95470 -24.95519 -24.95522 -24.95500 -24.95514 -24.95674 -24.95902
 -24.95796 -24.95797 -24.95797 -24.95798 -24.95798 -24.95799 -24.95799 -24.95801
 -24.95803 -24.95809 -24.95816 -24.95831 -24.95875 -24.95929 -24.95993 -24.96069
 -24.96122 -24.96148 -24.96106 -24.96252 -24.96573 -24.96712 -24.96622 -24.96564
 -24.97410 -24.97409 -24.97408 -24.97407 -24.97407 -24.97407 -24.97408 -24.97408
 -24.97408 -24.97413 -24.97422 -24.97438 -24.97466 -24.97499 -24.97539 -24.97581
 -24.97615 -24.97639 -24.97608 -24.97714 -24.97947 -24.98037 -24.97993 -24.98012
 -24.99566 -24.99561 -24.99558 -24.99555 -24.99556 -24.99558 -24.99558 -24.99554
 -24.99548 -24.99552 -24.99576 -24.99612 -24.99636 -24.99653 -24.99678 -24.99696
 -24.99723 -24.99764 -24.99773 -24.99790 -24.99841 -24.99904 -24.99940 -24.99992
 -25.02246 -25.02254 -25.02268 -25.02289 -25.02299 -25.02301 -25.02298 -25.02296
 -25.02296 -25.02298 -25.02300 -25.02304 -25.02315 -25.02323 -25.02336 -25.02385
 -25.02414 -25.02418 -25.02416 -25.02427 -25.02458 -25.02524 -25.02579 -25.02636
 -25.04298 -25.04300 -25.04303 -25.04308 -25.04309 -25.04306 -25.04306 -25.04313
 -25.04328 -25.04349 -25.04355 -25.04355 -25.04362 -25.04370 -25.04379 -25.04400
 -25.04406 -25.04403 -25.04429 -25.04463 -25.04495 -25.04535 -25.04574 -25.04639
 -25.07305 -25.07316 -25.07318 -25.07313 -25.07310 -25.07309 -25.07310 -25.07312
 -25.07314 -25.07318 -25.07322 -25.07324 -25.07322 -25.07324 -25.07330 -25.07328
 -25.07347 -25.07385 -25.07398 -25.07410 -25.07445 -25.07486 -25.07511 -25.07549
 -25.11126 -25.11123 -25.11122 -25.11123 -25.11123 -25.11123 -25.11123 -25.11123
 -25.11124 -25.11125 -25.11127 -25.11137 -25.11178 -25.11201 -25.11201 -25.11202
 -25.11202 -25.11195 -25.11189 -25.11207 -25.11245 -25.11280 -25.11304 -25.11351
 -25.13674 -25.13675 -25.13674 -25.13674 -25.13677 -25.13680 -25.13680 -25.13671
 -25.13656 -25.13656 -25.13692 -25.13742 -25.13742 -25.13728 -25.13731 -25.13734
 -25.13738 -25.13744 -25.13735 -25.13756 -25.13799 -25.13783 -25.13812 -25.13905
 -25.16379 -25.16385 -25.16385 -25.16384 -25.16388 -25.16396 -25.16396 -25.16375
 -25.16342 -25.16340 -25.16415 -25.16511 -25.16460 -25.16401 -25.16410 -25.16414
 -25.16425 -25.16451 -25.16441 -25.16464 -25.16512 -25.16438 -25.16471 -25.16618
 -25.19452 -25.19465 -25.19466 -25.19463 -25.19469 -25.19483 -25.19483 -25.19449
 -25.19396 -25.19391 -25.19510 -25.19659 -25.19550 -25.19441 -25.19456 -25.19462
 -25.19481 -25.19530 -25.19517 -25.19543 -25.19597 -25.19457 -25.19496 -25.19703
 -34.71296 -34.71171 -34.71252 -34.71952 -34.72787 -34.73562 -34.74065 -34.74274
 -34.74852 -34.77041 -34.80837 -34.87628 -35.03119 -35.22209 -35.49355 -35.96725
 -36.39635 -36.90624 -37.84942 -38.75931 -39.72646 -40.81013 -41.33872 -41.62545
 -33.57353 -33.57250 -33.57317 -33.57895 -33.58586 -33.59232 -33.59661 -33.59857
 -33.60373 -33.62278 -33.65600 -33.71602 -33.85421 -34.02632 -34.27298 -34.70562
 -35.09758 -35.55757 -36.38133 -37.15742 -37.97009 -38.85968 -39.27740 -39.50062
 -32.13800 -32.13724 -32.13774 -32.14198 -32.14708 -32.15190 -32.15527 -32.15706
 -32.16146 -32.17692 -32.20417 -32.25425 -32.37136 -32.51980 -32.73522 -33.11610
 -33.46123 -33.85824 -34.53092 -35.13639 -35.74833 -36.38240 -36.66272 -36.81288
 -31.19241 -31.19183 -31.19221 -31.19544 -31.19935 -31.20308 -31.20586 -31.20753
 -31.21142 -31.22452 -31.24784 -31.29137 -31.39458 -31.52742 -31.72223 -32.06891
 -32.38302 -32.73812 -33.30943 -33.79833 -34.27026 -34.73110 -34.92733 -35.03550
 -30.18984 -30.18946 -30.18971 -30.19187 -30.19452 -30.19710 -30.19923 -30.20079
 -30.20414 -30.21473 -30.23387 -30.27043 -30.35887 -30.47507 -30.64785 -30.95770
 -31.23789 -31.54646 -32.00359 -32.35925 -32.67368 -32.95654 -33.07490 -33.14523
 -29.04745 -29.04728 -29.04739 -29.04833 -29.04953 -29.05080 -29.05220 -29.05361
 -29.05633 -29.06403 -29.07834 -29.10681 -29.17796 -29.27444 -29.42051 -29.68365
 -29.91777 -30.16032 -30.46129 -30.64880 -30.78850 -30.90253 -30.95241 -30.98883
 -28.25194 -28.25191 -28.25193 -28.25212 -28.25243 -28.25289 -28.25378 -28.25503
 -28.25723 -28.26284 -28.27362 -28.29599 -28.35350 -28.43317 -28.55451 -28.76961
 -28.95127 -29.12126 -29.29161 -29.37441 -29.42618 -29.46419 -29.48254 -29.50170
 -27.39040 -27.39037 -27.39039 -27.39056 -27.39081 -27.39113 -27.39166 -27.39234
 -27.39359 -27.39693 -27.40363 -27.41771 -27.45384 -27.50249 -27.57382 -27.69250
 -27.77870 -27.84547 -27.89997 -27.92107 -27.93184 -27.94308 -27.95164 -27.96092
 -26.56853 -26.56852 -26.56853 -26.56859 -26.56866 -26.56875 -26.56890 -26.56913
 -26.56962 -26.57113 -26.57402 -26.57989 -26.59499 -26.61502 -26.64299 -26.68464
 -26.71173 -26.73071 -26.74413 -26.74984 -26.75471 -26.75710 -26.75878 -26.76471
 -26.14177 -26.14174 -26.14176 -26.14198 -26.14223 -26.14246 -26.14264 -26.14275
 -26.14300 -26.14402 -26.14601 -26.15005 -26.16066 -26.17414 -26.19230 -26.21907
 -26.23584 -26.24701 -26.25510 -26.25834 -26.26067 -26.26344 -26.26552 -26.26859
 -25.79701 -25.79701 -25.79702 -25.79707 -25.79713 -25.79721 -25.79734 -25.79752
 -25.79788 -25.79902 -25.80084 -25.80423 -25.81314 -25.82472 -25.84048 -25.86334
 -25.87753 -25.88706 -25.89343 -25.89663 -25.90013 -25.90184 -25.90207 -25.90421
 -25.52856 -25.52856 -25.52857 -25.52858 -25.52860 -25.52863 -25.52871 -25.52886
 -25.52920 -25.53034 -25.53209 -25.53526 -25.54355 -25.55457 -25.56980 -25.59174
 -25.60539 -25.61504 -25.62164 -25.62407 -25.62592 -25.62659 -25.62727 -25.62976
 -25.39423 -25.39424 -25.39424 -25.39424 -25.39425 -25.39428 -25.39438 -25.39455
 -25.39487 -25.39585 -25.39741 -25.40032 -25.40819 -25.41865 -25.43304 -25.45429
 -25.46767 -25.47691 -25.48368 -25.48619 -25.48751 -25.48841 -25.48918 -25.49050
 -25.25229 -25.25229 -25.25229 -25.25229 -25.25229 -25.25232 -25.25242 -25.25257
 -25.25284 -25.25364 -25.25490 -25.25728 -25.26380 -25.27261 -25.28492 -25.30361
 -25.31570 -25.32415 -25.33042 -25.33279 -25.33406 -25.33487 -25.33537 -25.33608
 -25.11443 -25.11444 -25.11444 -25.11445 -25.11445 -25.11446 -25.11451 -25.11459
 -25.11476 -25.11535 -25.11627 -25.11795 -25.12233 -25.12835 -25.13714 -25.15108
 -25.16053 -25.16743 -25.17266 -25.17464 -25.17569 -25.17610 -25.17612 -25.17606
 -25.04203 -25.04203 -25.04203 -25.04204 -25.04205 -25.04206 -25.04207 -25.04211
 -25.04224 -25.04275 -25.04353 -25.04485 -25.04805 -25.05243 -25.05901 -25.06988
 -25.07751 -25.08320 -25.08769 -25.08925 -25.08987 -25.09063 -25.09064 -25.08952
 -24.98383 -24.98383 -24.98383 -24.98383 -24.98383 -24.98384 -24.98387 -24.98391
 -24.98397 -24.98418 -24.98457 -24.98535 -24.98746 -24.99049 -24.99511 -25.00278
 -25.00841 -25.01283 -25.01631 -25.01758 -25.01836 -25.01942 -25.01900 -25.01698
 -24.93876 -24.93876 -24.93876 -24.93876 -24.93876 -24.93877 -24.93879 -24.93881
 -24.93885 -24.93898 -24.93922 -24.93971 -24.94105 -24.94299 -24.94590 -24.95078
 -24.95450 -24.95746 -24.95979 -24.96068 -24.96123 -24.96162 -24.96204 -24.96234
 -24.92141 -24.92141 -24.92141 -24.92140 -24.92139 -24.92140 -24.92146 -24.92153
 -24.92159 -24.92166 -24.92180 -24.92216 -24.92322 -24.92433 -24.92614 -24.93171
 -24.93602 -24.93807 -24.93929 -24.94018 -24.94080 -24.93898 -24.93783 -24.93852
 -24.91564 -24.91564 -24.91564 -24.91566 -24.91567 -24.91566 -24.91561 -24.91555
 -24.91550 -24.91550 -24.91560 -24.91581 -24.91638 -24.91713 -24.91828 -24.92055
 -24.92229 -24.92347 -24.92439 -24.92476 -24.92494 -24.92512 -24.92464 -24.92306
 -24.92672 -24.92676 -24.92674 -24.92651 -24.92635 -24.92646 -24.92736 -24.92842
 -24.92942 -24.93007 -24.93009 -24.93001 -24.93020 -24.93061 -24.93120 -24.93228
 -24.93308 -24.93365 -24.93410 -24.93427 -24.93435 -24.93453 -24.93424 -24.93298
 -24.94623 -24.94622 -24.94623 -24.94628 -24.94632 -24.94630 -24.94610 -24.94586
 -24.94564 -24.94551 -24.94556 -24.94567 -24.94587 -24.94612 -24.94652 -24.94716
 -24.94762 -24.94797 -24.94825 -24.94837 -24.94844 -24.94846 -24.94867 -24.94872
 -24.97173 -24.97174 -24.97173 -24.97171 -24.97171 -24.97171 -24.97176 -24.97181
 -24.97186 -24.97190 -24.97192 -24.97195 -24.97207 -24.97224 -24.97249 -24.97291
 -24.97323 -24.97351 -24.97374 -24.97376 -24.97374 -24.97416 -24.97339 -24.97085
 -25.00716 -25.00716 -25.00712 -25.00709 -25.00709 -25.00710 -25.00711 -25.00711
 -25.00710 -25.00710 -25.00712 -25.00715 -25.00722 -25.00733 -25.00749 -25.00770
 -25.00800 -25.00844 -25.00870 -25.00872 -25.00878 -25.00858 -25.00823 -25.00756
 -25.03588 -25.03589 -25.03588 -25.03585 -25.03583 -25.03584 -25.03596 -25.03610
 -25.03624 -25.03633 -25.03633 -25.03633 -25.03637 -25.03645 -25.03657 -25.03675
 -25.03692 -25.03710 -25.03724 -25.03725 -25.03724 -25.03727 -25.03714 -25.03653
 -25.08072 -25.08072 -25.08068 -25.08064 -25.08064 -25.08065 -25.08067 -25.08069
 -25.08070 -25.08071 -25.08072 -25.08073 -25.08078 -25.08084 -25.08092 -25.08106
 -25.08117 -25.08126 -25.08125 -25.08140 -25.08175 -25.08167 -25.08129 -25.08079
 -25.13886 -25.13886 -25.13886 -25.13886 -25.13886 -25.13886 -25.13887 -25.13888
 -25.13888 -25.13886 -25.13884 -25.13886 -25.13900 -25.13912 -25.13918 -25.13926
 -25.13935 -25.13942 -25.13940 -25.13954 -25.13987 -25.13974 -25.13946 -25.13920
 -25.17762 -25.17762 -25.17761 -25.17760 -25.17760 -25.17760 -25.17764 -25.17766
 -25.17764 -25.17751 -25.17742 -25.17749 -25.17799 -25.17835 -25.17838 -25.17841
 -25.17850 -25.17854 -25.17861 -25.17858 -25.17850 -25.17864 -25.17855 -25.17785
 -25.21953 -25.21953 -25.21953 -25.21953 -25.21954 -25.21953 -25.21952 -25.21952
 -25.21952 -25.21957 -25.21960 -25.21959 -25.21945 -25.21936 -25.21940 -25.21949
 -25.21954 -25.21958 -25.21961 -25.21964 -25.21969 -25.21968 -25.21965 -25.21946
 -25.26729 -25.26729 -25.26730 -25.26732 -25.26734 -25.26733 -25.26726 -25.26721
 -25.26725 -25.26754 -25.26774 -25.26761 -25.26658 -25.26590 -25.26595 -25.26611
 -25.26613 -25.26617 -25.26615 -25.26627 -25.26655 -25.26632 -25.26632 -25.26687
 -34.16740 -34.16891 -34.17163 -34.17201 -34.16576 -34.15329 -34.13585 -34.12905
 -34.13162 -34.14790 -34.16842 -34.19728 -34.25858 -34.33108 -34.44980 -34.76183
 -35.16035 -35.74067 -36.87012 -37.98186 -39.17381 -40.34711 -40.75555 -40.91001
 -33.18502 -33.18627 -33.18853 -33.18884 -33.18366 -33.17331 -33.15888 -33.15330
 -33.15555 -33.16951 -33.18720 -33.21249 -33.26776 -33.33447 -33.44402 -33.72849
 -34.08775 -34.60429 -35.59063 -36.54744 -37.55975 -38.52071 -38.84599 -38.97672
 -31.94735 -31.94828 -31.94995 -31.95018 -31.94634 -31.93867 -31.92801 -31.92396
 -31.92583 -31.93685 -31.95097 -31.97177 -32.01944 -32.07886 -32.17685 -32.42660
 -32.73638 -33.17250 -33.97805 -34.73748 -35.51589 -36.20898 -36.43926 -36.54068
 -31.13207 -31.13279 -31.13408 -31.13426 -31.13129 -31.12539 -31.11722 -31.11418
 -31.11580 -31.12488 -31.13665 -31.15449 -31.19714 -31.25176 -31.34213 -31.56896
 -31.84607 -32.22899 -32.91425 -33.54005 -34.15732 -34.67891 -34.85341 -34.93588
 -30.26762 -30.26811 -30.26899 -30.26911 -30.26709 -30.26306 -30.25753 -30.25556
 -30.25691 -30.26393 -30.27321 -30.28791 -30.32522 -30.37472 -30.45695 -30.65930
 -30.90138 -31.22699 -31.78090 -32.25795 -32.69829 -33.05017 -33.17195 -33.23463
 -29.28262 -29.28285 -29.28327 -29.28333 -29.28237 -29.28048 -29.27796 -29.27721
 -29.27825 -29.28292 -29.28934 -29.30042 -29.33153 -29.37500 -29.44757 -29.62067
 -29.82043 -30.07574 -30.46642 -30.76123 -31.00375 -31.19029 -31.26045 -31.30098
 -28.57499 -28.57504 -28.57512 -28.57514 -28.57493 -28.57455 -28.57415 -28.57426
 -28.57507 -28.57805 -28.58239 -28.59081 -28.61715 -28.65571 -28.72016 -28.86856
 -29.03201 -29.22688 -29.48546 -29.65061 -29.77295 -29.86758 -29.90650 -29.93153
 -27.57431 -27.57421 -27.57403 -27.57401 -27.57442 -27.57526 -27.57660 -27.57744
 -27.57808 -27.57936 -27.58136 -27.58614 -27.60374 -27.63109 -27.67608 -27.76985
 -27.85939 -27.94875 -28.03819 -28.07989 -28.10387 -28.12068 -28.12816 -28.13507
 -26.60872 -26.60871 -26.60869 -26.60870 -26.60877 -26.60891 -26.60917 -26.60939
 -26.60969 -26.61047 -26.61182 -26.61459 -26.62258 -26.63429 -26.65266 -26.68478
 -26.70967 -26.72947 -26.74504 -26.75109 -26.75508 -26.75912 -26.76190 -26.76558
 -26.12502 -26.12502 -26.12502 -26.12504 -26.12507 -26.12513 -26.12525 -26.12543
 -26.12572 -26.12645 -26.12775 -26.13047 -26.13776 -26.14783 -26.16285 -26.18640
 -26.20253 -26.21448 -26.22433 -26.22830 -26.23038 -26.23235 -26.23431 -26.23758
 -25.75349 -25.75351 -25.75355 -25.75358 -25.75356 -25.75351 -25.75356 -25.75385
 -25.75444 -25.75559 -25.75719 -25.76043 -25.76961 -25.78200 -25.79931 -25.82553
 -25.84246 -25.85444 -25.86306 -25.86617 -25.86813 -25.87016 -25.87182 -25.87453
 -25.47268 -25.47270 -25.47272 -25.47275 -25.47278 -25.47282 -25.47301 -25.47341
 -25.47412 -25.47552 -25.47748 -25.48158 -25.49361 -25.50966 -25.53093 -25.56167
 -25.58105 -25.59477 -25.60464 -25.60806 -25.61005 -25.61215 -25.61373 -25.61592
 -25.34351 -25.34353 -25.34356 -25.34359 -25.34361 -25.34362 -25.34380 -25.34423
 -25.34503 -25.34665 -25.34887 -25.35339 -25.36667 -25.38432 -25.40746 -25.44060
 -25.46106 -25.47486 -25.48492 -25.48879 -25.49115 -25.49322 -25.49457 -25.49636
 -25.22665 -25.22667 -25.22671 -25.22675 -25.22675 -25.22675 -25.22688 -25.22728
 -25.22804 -25.22967 -25.23195 -25.23656 -25.25005 -25.26789 -25.29110 -25.32415
 -25.34442 -25.35788 -25.36797 -25.37171 -25.37344 -25.37484 -25.37575 -25.37688
 -25.13115 -25.13117 -25.13120 -25.13124 -25.13124 -25.13123 -25.13133 -25.13166
 -25.13231 -25.13364 -25.13540 -25.13897 -25.14988 -25.16462 -25.18380 -25.21137
 -25.22874 -25.24048 -25.24897 -25.25208 -25.25377 -25.25503 -25.25567 -25.25629
 -25.08041 -25.08043 -25.08046 -25.08050 -25.08049 -25.08048 -25.08053 -25.08077
 -25.08127 -25.08228 -25.08361 -25.08630 -25.09476 -25.10648 -25.12204 -25.14473
 -25.15917 -25.16910 -25.17648 -25.17920 -25.18059 -25.18144 -25.18184 -25.18223
 -25.03522 -25.03522 -25.03522 -25.03524 -25.03527 -25.03532 -25.03546 -25.03568
 -25.03605 -25.03677 -25.03775 -25.03973 -25.04594 -25.05451 -25.06600 -25.08364
 -25.09531 -25.10331 -25.10925 -25.11157 -25.11283 -25.11339 -25.11368 -25.11409
 -25.00144 -25.00142 -25.00140 -25.00139 -25.00144 -25.00157 -25.00180 -25.00203
 -25.00231 -25.00278 -25.00337 -25.00460 -25.00874 -25.01465 -25.02258 -25.03474
 -25.04309 -25.04916 -25.05387 -25.05543 -25.05600 -25.05696 -25.05704 -25.05614
 -24.99044 -24.99044 -24.99044 -24.99044 -24.99045 -24.99047 -24.99053 -24.99063
 -24.99082 -24.99117 -24.99161 -24.99250 -24.99549 -24.99977 -25.00563 -25.01481
 -25.02116 -25.02580 -25.02937 -25.03051 -25.03099 -25.03212 -25.03179 -25.02995
 -24.98699 -24.98699 -24.98699 -24.98698 -24.98699 -24.98700 -24.98703 -24.98709
 -24.98721 -24.98741 -24.98766 -24.98817 -24.98998 -24.99267 -24.99644 -25.00246
 -25.00677 -25.00985 -25.01168 -25.01371 -25.01655 -25.01537 -25.01392 -25.01439
 -25.00993 -25.00990 -25.00984 -25.00980 -25.00987 -25.01004 -25.01031 -25.01047
 -25.01056 -25.01063 -25.01075 -25.01103 -25.01197 -25.01325 -25.01502 -25.01842
 -25.02084 -25.02240 -25.02386 -25.02436 -25.02436 -25.02476 -25.02484 -25.02406
 -25.03337 -25.03339 -25.03342 -25.03350 -25.03359 -25.03369 -25.03383 -25.03391
 -25.03396 -25.03400 -25.03404 -25.03416 -25.03474 -25.03565 -25.03694 -25.03912
 -25.04062 -25.04162 -25.04247 -25.04299 -25.04343 -25.04370 -25.04352 -25.04282
 -25.06472 -25.06478 -25.06491 -25.06510 -25.06517 -25.06516 -25.06510 -25.06512
 -25.06520 -25.06534 -25.06538 -25.06540 -25.06572 -25.06639 -25.06736 -25.06855
 -25.06937 -25.07013 -25.07098 -25.07129 -25.07129 -25.07145 -25.07133 -25.07057
 -25.10649 -25.10647 -25.10642 -25.10633 -25.10626 -25.10620 -25.10623 -25.10636
 -25.10659 -25.10693 -25.10711 -25.10721 -25.10736 -25.10760 -25.10792 -25.10848
 -25.10916 -25.10995 -25.11031 -25.11032 -25.11044 -25.11054 -25.11049 -25.11006
 -25.13890 -25.13889 -25.13887 -25.13883 -25.13878 -25.13873 -25.13873 -25.13885
 -25.13906 -25.13938 -25.13954 -25.13960 -25.13969 -25.13986 -25.14011 -25.14047
 -25.14095 -25.14161 -25.14195 -25.14196 -25.14202 -25.14207 -25.14207 -25.14177
 -25.18794 -25.18803 -25.18823 -25.18853 -25.18869 -25.18873 -25.18869 -25.18865
 -25.18864 -25.18865 -25.18866 -25.18868 -25.18875 -25.18887 -25.18902 -25.18917
 -25.18954 -25.19014 -25.19042 -25.19039 -25.19044 -25.19052 -25.19044 -25.19006
 -25.25547 -25.25545 -25.25542 -25.25538 -25.25537 -25.25538 -25.25539 -25.25536
 -25.25529 -25.25530 -25.25547 -25.25580 -25.25628 -25.25650 -25.25656 -25.25668
 -25.25675 -25.25668 -25.25655 -25.25686 -25.25756 -25.25790 -25.25765 -25.25710
 -25.30221 -25.30221 -25.30220 -25.30219 -25.30219 -25.30220 -25.30220 -25.30218
 -25.30214 -25.30214 -25.30223 -25.30241 -25.30269 -25.30283 -25.30287 -25.30288
 -25.30305 -25.30335 -25.30341 -25.30352 -25.30389 -25.30407 -25.30395 -25.30364
 -25.35239 -25.35243 -25.35252 -25.35266 -25.35273 -25.35275 -25.35273 -25.35272
 -25.35273 -25.35274 -25.35271 -25.35265 -25.35258 -25.35260 -25.35264 -25.35257
 -25.35283 -25.35344 -25.35366 -25.35362 -25.35374 -25.35379 -25.35377 -25.35371
 -25.40827 -25.40849 -25.40898 -25.40973 -25.41012 -25.41022 -25.41012 -25.41001
 -25.40997 -25.41000 -25.41006 -25.41013 -25.41022 -25.41024 -25.41024 -25.41035
 -25.41023 -25.40978 -25.40937 -25.40991 -25.41116 -25.41185 -25.41119 -25.40997
 -32.62470 -32.62470 -32.62470 -32.62469 -32.62469 -32.62470 -32.62473 -32.62473
 -32.62470 -32.62461 -32.62458 -32.62469 -32.62504 -32.62515 -32.62475 -32.62418
 -32.62718 -32.63343 -32.64132 -32.63972 -32.63988 -32.66265 -32.68453 -32.72070
 -31.78773 -31.78773 -31.78773 -31.78773 -31.78772 -31.78773 -31.78775 -31.78776
 -31.78774 -31.78765 -31.78763 -31.78772 -31.78803 -31.78812 -31.78778 -31.78729
 -31.78986 -31.79521 -31.80197 -31.80075 -31.80119 -31.82139 -31.84143 -31.87500
 -30.73326 -30.73326 -30.73326 -30.73326 -30.73326 -30.73326 -30.73328 -30.73328
 -30.73327 -30.73320 -30.73318 -30.73325 -30.73350 -30.73357 -30.73330 -30.73291
 -30.73495 -30.73918 -30.74450 -30.74375 -30.74455 -30.76153 -30.77925 -30.80953
 -30.03870 -30.03870 -30.03870 -30.03869 -30.03869 -30.03870 -30.03871 -30.03871
 -30.03870 -30.03864 -30.03863 -30.03869 -30.03889 -30.03895 -30.03873 -30.03840
 -30.04010 -30.04358 -30.04795 -30.04752 -30.04856 -30.06341 -30.07960 -30.10772
 -29.30245 -29.30245 -29.30245 -29.30244 -29.30244 -29.30244 -29.30246 -29.30246
 -29.30245 -29.30240 -29.30239 -29.30244 -29.30260 -29.30264 -29.30247 -29.30222
 -29.30354 -29.30623 -29.30961 -29.30951 -29.31079 -29.32339 -29.33796 -29.36379
 -28.46548 -28.46548 -28.46548 -28.46547 -28.46547 -28.46548 -28.46548 -28.46549
 -28.46548 -28.46545 -28.46544 -28.46547 -28.46558 -28.46561 -28.46549 -28.46532
 -28.46622 -28.46802 -28.47026 -28.47054 -28.47210 -28.48213 -28.49486 -28.51809
 -27.87163 -27.87163 -27.87163 -27.87163 -27.87163 -27.87163 -27.87163 -27.87163
 -27.87163 -27.87161 -27.87160 -27.87162 -27.87170 -27.87172 -27.87164 -27.87152
 -27.87213 -27.87329 -27.87472 -27.87527 -27.87703 -27.88525 -27.89667 -27.91804
 -27.03539 -27.03539 -27.03539 -27.03539 -27.03539 -27.03539 -27.03539 -27.03539
 -27.03539 -27.03538 -27.03538 -27.03539 -27.03541 -27.03542 -27.03539 -27.03535
 -27.03554 -27.03581 -27.03611 -27.03703 -27.03908 -27.04474 -27.05432 -27.07308
 -26.20098 -26.20098 -26.20098 -26.20098 -26.20098 -26.20098 -26.20098 -26.20098
 -26.20098 -26.20097 -26.20097 -26.20098 -26.20101 -26.20101 -26.20098 -26.20094
 -26.20116 -26.20140 -26.20144 -26.20228 -26.20412 -26.20842 -26.21587 -26.23075
 -25.87610 -25.87610 -25.87610 -25.87610 -25.87610 -25.87610 -25.87610 -25.87610
 -25.87610 -25.87610 -25.87610 -25.87610 -25.87608 -25.87607 -25.87610 -25.87613
 -25.87601 -25.87631 -25.87798 -25.87834 -25.87860 -25.88254 -25.88928 -25.90245
 -25.65012 -25.65012 -25.65012 -25.65012 -25.65012 -25.65012 -25.65011 -25.65011
 -25.65012 -25.65013 -25.65013 -25.65012 -25.65008 -25.65007 -25.65011 -25.65017
 -25.64991 -25.65003 -25.65184 -25.65276 -25.65334 -25.65604 -25.66117 -25.67195
 -25.50029 -25.50029 -25.50029 -25.50029 -25.50029 -25.50029 -25.50029 -25.50029
 -25.50029 -25.50029 -25.50029 -25.50029 -25.50029 -25.50029 -25.50029 -25.50029
 -25.50028 -25.50029 -25.50048 -25.50101 -25.50210 -25.50487 -25.50892 -25.51755
 -25.43931 -25.43931 -25.43931 -25.43931 -25.43931 -25.43931 -25.43931 -25.43931
 -25.43931 -25.43931 -25.43931 -25.43931 -25.43931 -25.43931 -25.43931 -25.43930
 -25.43933 -25.43931 -25.43911 -25.43920 -25.44004 -25.44306 -25.44677 -25.45423
 -25.39145 -25.39145 -25.39144 -25.39144 -25.39144 -25.39144 -25.39144 -25.39144
 -25.39144 -25.39144 -25.39144 -25.39144 -25.39145 -25.39145 -25.39144 -25.39144
 -25.39145 -25.39145 -25.39143 -25.39168 -25.39247 -25.39473 -25.39763 -25.40347
 -25.35469 -25.35470 -25.35471 -25.35472 -25.35472 -25.35471 -25.35471 -25.35471
 -25.35471 -25.35471 -25.35471 -25.35471 -25.35471 -25.35471 -25.35471 -25.35470
 -25.35473 -25.35471 -25.35464 -25.35504 -25.35572 -25.35661 -25.35833 -25.36165
 -25.32990 -25.32983 -25.32978 -25.32975 -25.32976 -25.32978 -25.32978 -25.32978
 -25.32978 -25.32978 -25.32979 -25.32980 -25.32980 -25.32980 -25.32980 -25.32980
 -25.32981 -25.32980 -25.32976 -25.32993 -25.33016 -25.33032 -25.33090 -25.33195
 -25.30223 -25.30248 -25.30270 -25.30280 -25.30276 -25.30271 -25.30269 -25.30270
 -25.30271 -25.30270 -25.30268 -25.30266 -25.30265 -25.30265 -25.30266 -25.30266
 -25.30265 -25.30266 -25.30268 -25.30263 -25.30261 -25.30270 -25.30224 -25.30094
 -25.27741 -25.27751 -25.27761 -25.27768 -25.27768 -25.27765 -25.27759 -25.27758
 -25.27763 -25.27786 -25.27807 -25.27824 -25.27833 -25.27832 -25.27829 -25.27827
 -25.27829 -25.27828 -25.27820 -25.27824 -25.27829 -25.27793 -25.27680 -25.27413
 -25.26732 -25.26725 -25.26718 -25.26712 -25.26708 -25.26704 -25.26695 -25.26694
 -25.26705 -25.26746 -25.26783 -25.26809 -25.26813 -25.26804 -25.26797 -25.26800
 -25.26796 -25.26799 -25.26834 -25.26831 -25.26800 -25.26738 -25.26594 -25.26268
 -25.26393 -25.26394 -25.26397 -25.26408 -25.26416 -25.26421 -25.26417 -25.26413
 -25.26415 -25.26434 -25.26455 -25.26475 -25.26491 -25.26497 -25.26499 -25.26496
 -25.26485 -25.26491 -25.26554 -25.26545 -25.26498 -25.26450 -25.26284 -25.25893
 -25.27834 -25.27831 -25.27829 -25.27831 -25.27838 -25.27852 -25.27882 -25.27906
 -25.27923 -25.27927 -25.27919 -25.27909 -25.27900 -25.27907 -25.27934 -25.27995
 -25.28016 -25.28008 -25.27992 -25.27990 -25.27996 -25.27962 -25.27784 -25.27374
 -25.29687 -25.29709 -25.29726 -25.29729 -25.29723 -25.29717 -25.29721 -25.29734
 -25.29755 -25.29793 -25.29818 -25.29829 -25.29815 -25.29800 -25.29802 -25.29838
 -25.29842 -25.29842 -25.29900 -25.29933 -25.29916 -25.29802 -25.29638 -25.29300
 -25.32334 -25.32371 -25.32405 -25.32420 -25.32416 -25.32408 -25.32401 -25.32400
 -25.32402 -25.32408 -25.32418 -25.32433 -25.32462 -25.32483 -25.32497 -25.32496
 -25.32491 -25.32494 -25.32518 -25.32537 -25.32528 -25.32439 -25.32300 -25.31983
 -25.36159 -25.36196 -25.36228 -25.36243 -25.36239 -25.36234 -25.36234 -25.36237
 -25.36235 -25.36222 -25.36215 -25.36225 -25.36272 -25.36314 -25.36341 -25.36334
 -25.36329 -25.36331 -25.36327 -25.36330 -25.36327 -25.36267 -25.36137 -25.35835
 -25.39299 -25.39348 -25.39389 -25.39403 -25.39391 -25.39376 -25.39369 -25.39371
 -25.39374 -25.39376 -25.39377 -25.39380 -25.39392 -25.39411 -25.39440 -25.39491
 -25.39507 -25.39500 -25.39483 -25.39491 -25.39491 -25.39408 -25.39290 -25.39034
 -25.44125 -25.44159 -25.44193 -25.44218 -25.44224 -25.44223 -25.44221 -25.44221
 -25.44223 -25.44230 -25.44231 -25.44224 -25.44198 -25.44189 -25.44214 -25.44299
 -25.44321 -25.44314 -25.44342 -25.44359 -25.44343 -25.44258 -25.44132 -25.43884
 -25.50472 -25.50459 -25.50464 -25.50518 -25.50575 -25.50622 -25.50643 -25.50636
 -25.50625 -25.50619 -25.50621 -25.50624 -25.50628 -25.50628 -25.50626 -25.50618
 -25.50616 -25.50617 -25.50638 -25.50717 -25.50778 -25.50667 -25.50541 -25.50340
 -25.54760 -25.54796 -25.54834 -25.54869 -25.54884 -25.54892 -25.54895 -25.54895
 -25.54893 -25.54892 -25.54892 -25.54893 -25.54892 -25.54892 -25.54892 -25.54895
 -25.54900 -25.54897 -25.54877 -25.54904 -25.54947 -25.54920 -25.54808 -25.54591
 -25.59349 -25.59422 -25.59486 -25.59509 -25.59494 -25.59474 -25.59464 -25.59467
 -25.59472 -25.59475 -25.59474 -25.59473 -25.59472 -25.59473 -25.59473 -25.59473
 -25.59472 -25.59472 -25.59476 -25.59469 -25.59465 -25.59479 -25.59432 -25.59265
 -25.64513 -25.64529 -25.64557 -25.64616 -25.64662 -25.64698 -25.64713 -25.64708
 -25.64700 -25.64696 -25.64697 -25.64699 -25.64700 -25.64700 -25.64699 -25.64699
 -25.64700 -25.64700 -25.64698 -25.64699 -25.64702 -25.64703 -25.64678 -25.64544
 -72.91532 -72.91514 -72.91494 -72.91537 -72.91643 -72.91707 -72.91512 -72.91107
 -72.90870 -72.91610 -72.93321 -72.95445 -72.97594 -72.98001 -72.97665 -72.96975
 -72.96843 -72.97153 -72.97760 -72.97709 -72.96745 -72.95511 -72.96210 -72.96582
 -74.00000 -74.00000 -74.00000 -74.00000 -74.00000 -74.00000 -74.00000 -74.00000
 -74.00000 -74.00000 -74.00000 -74.00000 -74.00000 -74.00000 -74.00000 -74.00000
 -74.00000 -74.00000 -74.00000 -74.00000 -74.00000 -74.00000 -74.00000 -74.00000
 -74.00000 -74.00000 -74.00000 -74.00000 -74.00000 -74.00000 -74.00000 -74.00000
 -74.00000 -74.00000 -74.00000 -74.00000 -74.00000 -74.00000 -74.00000 -74.00000
 -74.00000 -74.00000 -74.00000 -74.00000 -74.00000 -74.00000 -74.00000 -74.00000
 -74.00000 -74.00000 -74.00000 -74.00000 -74.00000 -74.00000 -74.00000 -74.00000
 -74.00000 -74.00000 -74.00000 -74.00000 -74.00000 -74.00000 -74.00000 -74.00000
 -74.00000 -74.00000 -74.00000 -74.00000 -74.00000 -74.00000 -74.00000 -74.00000
 -74.00000 -74.00000 -74.00000 -74.00000 -74.00000 -74.00000 -74.00000 -74.00000
 -74.00000 -74.00000 -74.00000 -74.00000 -74.00000 -74.00000 -74.00000 -74.00000
 -74.00000 -74.00000 -74.00000 -74.00000 -74.00000 -74.00000 -74.00000 -74.00000
 -74.00000 -74.00000 -74.00000 -74.00000 -74.00000 -74.00000 -74.00000 -74.00000
 -74.00000 -74.00000 -74.00000 -74.00000 -74.00000 -74.00000 -74.00000 -74.00000
 -74.00000 -74.00000 -74.00000 -74.00000 -74.00000 -74.00000 -74.00000 -74.00000
 -74.00000 -74.00000 -74.00000 -74.00000 -74.00000 -74.00000 -74.00000 -74.00000
 -74.00000 -74.00000 -74.00000 -74.00000 -74.00000 -74.00000 -74.00000 -74.00000
 -74.00000 -74.00000 -74.00000 -74.00000 -74.00000 -74.00000 -74.00000 -74.00000
 -74.00000 -74.00000 -74.00000 -74.00000 -74.00000 -74.00000 -74.00000 -74.00000
 -74.00000 -74.00000 -74.00000 -74.00000 -74.00000 -74.00000 -74.00000 -74.00000
 -74.00000 -74.00000 -74.00000 -74.00000 -74.00000 -74.00000 -74.00000 -74.00000
 -74.00000 -74.00000 -74.00000 -74.00000 -74.00000 -74.00000 -74.00000 -74.00000
 -74.00000 -74.00000 -74.00000 -74.00000 -74.00000 -74.00000 -74.00000 -74.00000
 -74.00000 -74.00000 -74.00000 -74.00000 -74.00000 -74.00000 -74.00000 -74.00000
 -74.00000 -74.00000 -74.00000 -74.00000 -74.00000 -74.00000 -74.00000 -74.00000
 -74.00000 -74.00000 -74.00000 -74.00000 -74.00000 -74.00000 -74.00000 -74.00000
 -74.00000 -74.00000 -74.00000 -74.00000 -74.00000 -74.00000 -74.00000 -74.00000
 -65.40699 -65.40721 -65.40744 -65.40693 -65.40566 -65.40490 -65.40724 -65.41207
 -65.41490 -65.40606 -65.38565 -65.36025 -64.97128 -64.31400 -64.57101 -65.06793
 -65.08692 -65.04513 -65.05782 -65.06053 -65.05472 -65.05608 -65.06493 -65.02769
 -50.61979 -50.59229 -50.53629 -50.46743 -50.44330 -50.41644 -50.31331 -50.16726
 -50.06153 -50.18882 -50.57810 -51.06956 -51.54425 -51.64396 -51.61041 -51.52243
 -51.51724 -51.52783 -51.52489 -51.52418 -51.52562 -51.52529 -51.52277 -51.53146
 -44.67547 -44.66813 -44.65318 -44.63479 -44.62833 -44.62107 -44.59311 -44.55346
 -44.52468 -44.55935 -44.66473 -44.79780 -44.93256 -44.96343 -44.95286 -44.92601
 -44.92450 -44.92768 -44.92668 -44.92638 -44.92679 -44.92678 -44.92610 -44.92869
 -38.57492 -38.58077 -38.59260 -38.60696 -38.61195 -38.61754 -38.63886 -38.66837
 -38.68924 -38.66399 -38.58320 -38.47215 -38.34857 -38.31852 -38.32888 -38.35486
 -38.35631 -38.35322 -38.35404 -38.35426 -38.35381 -38.35403 -38.35522 -38.35288
 -33.17565 -33.17580 -33.17612 -33.17650 -33.17662 -33.17677 -33.17740 -33.17831
 -33.17897 -33.17816 -33.17569 -33.17249 -33.16911 -33.16831 -33.16859 -33.16928
 -33.16931 -33.16924 -33.16925 -33.16911 -33.16889 -33.16878 -33.16899 -33.16917
 -30.95544 -30.95545 -30.95547 -30.95544 -30.95533 -30.95519 -30.95501 -30.95494
 -30.95492 -30.95500 -30.95512 -30.95526 -30.95541 -30.95544 -30.95543 -30.95540
 -30.95539 -30.95541 -30.95540 -30.95531 -30.95535 -30.95562 -30.95573 -30.95571
 -29.30074 -29.30107 -29.30177 -29.30277 -29.30330 -29.30360 -29.30376 -29.30377
 -29.30381 -29.30413 -29.30465 -29.30527 -29.30588 -29.30601 -29.30594 -29.30584
 -29.30588 -29.30593 -29.30591 -29.30587 -29.30585 -29.30583 -29.30580 -29.30589
 -28.08855 -28.08487 -28.07672 -28.06405 -28.05618 -28.05016 -28.04448 -28.04152
 -28.03944 -28.03764 -28.03673 -28.03614 -28.03580 -28.03580 -28.03585 -28.03564
 -28.03516 -28.03483 -28.03496 -28.03533 -28.03563 -28.03557 -28.03520 -28.03499
 -27.46892 -27.46739 -27.46335 -27.45461 -27.44599 -27.43679 -27.42590 -27.41991
 -27.41580 -27.41259 -27.41133 -27.41072 -27.41034 -27.41005 -27.40975 -27.40947
 -27.40941 -27.40939 -27.40941 -27.40948 -27.40942 -27.40934 -27.40964 -27.40986
 -26.86797 -26.86812 -26.86808 -26.86664 -26.86366 -26.85831 -26.84643 -26.83363
 -26.81992 -26.80533 -26.79978 -26.79796 -26.79813 -26.79824 -26.79810 -26.79782
 -26.79772 -26.79769 -26.79771 -26.79773 -26.79751 -26.79758 -26.79866 -26.79911
 -26.31764 -26.31760 -26.31755 -26.31764 -26.31791 -26.31832 -26.31902 -26.31958
 -26.32012 -26.32068 -26.32094 -26.32104 -26.32096 -26.32079 -26.32069 -26.32102
 -26.32167 -26.32203 -26.32193 -26.32196 -26.32191 -26.32197 -26.32253 -26.32302
 -26.12928 -26.12926 -26.12923 -26.12929 -26.12944 -26.12964 -26.12985 -26.12989
 -26.12986 -26.12976 -26.12970 -26.12968 -26.12977 -26.12994 -26.13015 -26.13035
 -26.13038 -26.13029 -26.13036 -26.13078 -26.13095 -26.13087 -26.13125 -26.13180
 -25.99370 -25.99372 -25.99375 -25.99378 -25.99377 -25.99375 -25.99373 -25.99374
 -25.99377 -25.99384 -25.99392 -25.99402 -25.99421 -25.99440 -25.99458 -25.99473
 -25.99472 -25.99465 -25.99470 -25.99500 -25.99531 -25.99561 -25.99593 -25.99632
 -25.89388 -25.89455 -25.89589 -25.89751 -25.89794 -25.89781 -25.89737 -25.89717
 -25.89709 -25.89707 -25.89705 -25.89701 -25.89694 -25.89689 -25.89685 -25.89685
 -25.89688 -25.89685 -25.89689 -25.89718 -25.89731 -25.89725 -25.89736 -25.89705
 -25.85131 -25.85143 -25.85167 -25.85196 -25.85203 -25.85199 -25.85185 -25.85173
 -25.85163 -25.85153 -25.85149 -25.85146 -25.85141 -25.85134 -25.85129 -25.85134
 -25.85142 -25.85114 -25.85142 -25.85339 -25.85462 -25.85426 -25.85419 -25.85426
 -25.81346 -25.81293 -25.81182 -25.81039 -25.80988 -25.80990 -25.81055 -25.81135
 -25.81225 -25.81325 -25.81370 -25.81394 -25.81416 -25.81437 -25.81459 -25.81478
 -25.81481 -25.81474 -25.81479 -25.81509 -25.81524 -25.81519 -25.81524 -25.81502
 -25.83286 -25.83317 -25.83353 -25.83290 -25.83087 -25.82748 -25.82120 -25.81542
 -25.80960 -25.80334 -25.80052 -25.79896 -25.79770 -25.79668 -25.79573 -25.79505
 -25.79509 -25.79489 -25.79513 -25.79696 -25.79809 -25.79772 -25.79766 -25.79780
 -25.83125 -25.83099 -25.83070 -25.83132 -25.83286 -25.83381 -25.83106 -25.82444
 -25.81572 -25.80519 -25.80046 -25.79820 -25.79734 -25.79723 -25.79727 -25.79738
 -25.79738 -25.79737 -25.79737 -25.79736 -25.79734 -25.79738 -25.79746 -25.79718
 -25.83740 -25.83714 -25.83685 -25.83742 -25.83886 -25.83980 -25.83735 -25.83132
 -25.82331 -25.81349 -25.80889 -25.80652 -25.80545 -25.80531 -25.80541 -25.80556
 -25.80555 -25.80560 -25.80554 -25.80524 -25.80613 -25.80837 -25.80855 -25.80816
 -25.85662 -25.85638 -25.85607 -25.85634 -25.85731 -25.85783 -25.85556 -25.85049
 -25.84379 -25.83536 -25.83109 -25.82858 -25.82712 -25.82685 -25.82695 -25.82719
 -25.82720 -25.82717 -25.82719 -25.82720 -25.82707 -25.82667 -25.82659 -25.82777
 -73.35957 -73.35957 -73.30627 -73.23581 -73.35957 -73.69654 -73.90791 -73.35957
 -72.06503 -71.28997 -73.35957 -74.00000 -74.00000 -74.00000 -74.00000 -74.00000
 -74.00000 -74.00000 -74.00000 -74.00000 -74.00000 -74.00000 -74.00000 -74.00000
 -74.00000 -74.00000 -74.00000 -74.00000 -74.00000 -74.00000 -74.00000 -74.00000
 -73.24527 -72.57260 -74.00000 -74.00000 -74.00000 -74.00000 -74.00000 -74.00000
 -74.00000 -74.00000 -74.00000 -74.00000 -74.00000 -74.00000 -74.00000 -74.00000
 -74.00000 -74.00000 -74.00000 -74.00000 -74.00000 -74.00000 -74.00000 -74.00000
 -74.00000 -74.00000 -74.00000 -74.00000 -74.00000 -74.00000 -74.00000 -74.00000
 -74.00000 -74.00000 -74.00000 -74.00000 -74.00000 -74.00000 -74.00000 -74.00000
 -74.00000 -74.00000 -74.00000 -74.00000 -74.00000 -74.00000 -74.00000 -74.00000
 -74.00000 -74.00000 -74.00000 -74.00000 -74.00000 -74.00000 -74.00000 -74.00000
 -74.00000 -74.00000 -74.00000 -74.00000 -74.00000 -74.00000 -74.00000 -74.00000
 -74.00000 -74.00000 -74.00000 -74.00000 -74.00000 -74.00000 -74.00000 -74.00000
 -74.00000 -74.00000 -74.00000 -74.00000 -74.00000 -74.00000 -74.00000 -74.00000
 -74.00000 -74.00000 -74.00000 -74.00000 -74.00000 -74.00000 -74.00000 -74.00000
 -74.00000 -74.00000 -74.00000 -74.00000 -74.00000 -74.00000 -74.00000 -74.00000
 -74.00000 -74.00000 -74.00000 -74.00000 -74.00000 -74.00000 -74.00000 -74.00000
 -74.00000 -74.00000 -74.00000 -74.00000 -74.00000 -74.00000 -74.00000 -74.00000
 -74.00000 -74.00000 -74.00000 -74.00000 -74.00000 -74.00000 -74.00000 -74.00000
 -74.00000 -74.00000 -74.00000 -74.00000 -74.00000 -74.00000 -74.00000 -74.00000
 -74.00000 -74.00000 -74.00000 -74.00000 -74.00000 -74.00000 -74.00000 -74.00000
 -74.00000 -74.00000 -74.00000 -74.00000 -74.00000 -74.00000 -74.00000 -74.00000
 -74.00000 -74.00000 -74.00000 -74.00000 -74.00000 -74.00000 -74.00000 -74.00000
 -74.00000 -74.00000 -74.00000 -74.00000 -74.00000 -74.00000 -74.00000 -74.00000
 -74.00000 -74.00000 -74.00000 -74.00000 -74.00000 -74.00000 -74.00000 -74.00000
 -74.00000 -74.00000 -74.00000 -74.00000 -74.00000 -74.00000 -74.00000 -74.00000
 -74.00000 -74.00000 -74.00000 -74.00000 -74.00000 -74.00000 -74.00000 -74.00000
 -74.00000 -74.00000 -74.00000 -74.00000 -74.00000 -74.00000 -74.00000 -74.00000
 -74.00000 -74.00000 -74.00000 -74.00000 -74.00000 -74.00000 -74.00000 -74.00000
 -74.00000 -74.00000 -74.00000 -74.00000 -74.00000 -74.00000 -74.00000 -74.00000
 -74.00000 -74.00000 -74.00000 -74.00000 -74.00000 -74.00000 -74.00000 -74.00000
 -74.00000 -74.00000 -74.00000 -74.00000 -74.00000 -74.00000 -73.33367 -73.77040
 -74.00000 -74.00000 -74.00000 -74.00000 -74.00000 -74.00000 -74.00000 -74.00000
 -65.81635 -65.81635 -65.84771 -65.88917 -65.81635 -65.61809 -65.49372 -65.81635
 -66.57803 -67.03406 -65.81635 -62.65043 -57.29406 -54.17873 -53.04228 -53.54089
 -54.18611 -54.26234 -54.15261 -54.18462 -54.19029 -54.18233 -54.18462 -54.18502
 -43.36213 -43.36213 -43.35040 -43.33489 -43.36213 -43.43629 -43.48281 -43.36213
 -43.07723 -42.90666 -43.36213 -44.54631 -46.54979 -47.71505 -48.14012 -47.95362
 -47.71228 -47.68377 -47.72481 -47.71284 -47.71072 -47.71370 -47.71284 -47.71269
 -41.52657 -41.52657 -41.53058 -41.53588 -41.52657 -41.50121 -41.48531 -41.52657
 -41.62399 -41.68231 -41.52657 -41.12166 -40.43659 -40.03815 -39.89280 -39.95657
 -40.03910 -40.04885 -40.03481 -40.03891 -40.03963 -40.03861 -40.03891 -40.03896
 -34.11766 -34.11766 -34.11706 -34.11627 -34.11766 -34.12146 -34.12384 -34.11766
 -34.10306 -34.09432 -34.11766 -34.17834 -34.28099 -34.34070 -34.36248 -34.35292
 -34.34055 -34.33909 -34.34120 -34.34058 -34.34047 -34.34063 -34.34058 -34.34057
 -31.91667 -31.91667 -31.91685 -31.91708 -31.91667 -31.91554 -31.91483 -31.91667
 -31.92101 -31.92360 -31.91667 -31.89863 -31.86813 -31.85038 -31.84391 -31.84675
 -31.85042 -31.85086 -31.85023 -31.85041 -31.85045 -31.85040 -31.85042 -31.85042
 -29.99574 -29.99574 -29.99568 -29.99561 -29.99574 -29.99610 -29.99632 -29.99574
 -29.99439 -29.99357 -29.99574 -30.00138 -30.01091 -30.01646 -30.01848 -30.01759
 -30.01645 -30.01631 -30.01651 -30.01645 -30.01644 -30.01645 -30.01644 -30.01643
 -28.59847 -28.59847 -28.59848 -28.59848 -28.59846 -28.59840 -28.59837 -28.59846
 -28.59867 -28.59879 -28.59846 -28.59759 -28.59612 -28.59526 -28.59495 -28.59509
 -28.59527 -28.59529 -28.59526 -28.59526 -28.59525 -28.59528 -28.59531 -28.59531
 -27.89338 -27.89338 -27.89339 -27.89341 -27.89343 -27.89346 -27.89347 -27.89342
 -27.89333 -27.89328 -27.89342 -27.89379 -27.89441 -27.89477 -27.89491 -27.89485
 -27.89477 -27.89476 -27.89478 -27.89481 -27.89483 -27.89471 -27.89459 -27.89459
 -27.20108 -27.20108 -27.20104 -27.20094 -27.20088 -27.20086 -27.20088 -27.20090
 -27.20090 -27.20090 -27.20093 -27.20100 -27.20111 -27.20118 -27.20121 -27.20121
 -27.20121 -27.20122 -27.20116 -27.20104 -27.20093 -27.20147 -27.20204 -27.20203
 -26.65440 -26.65440 -26.65453 -26.65492 -26.65520 -26.65533 -26.65528 -26.65511
 -26.65489 -26.65476 -26.65502 -26.65569 -26.65683 -26.65750 -26.65775 -26.65763
 -26.65741 -26.65731 -26.65774 -26.65811 -26.65803 -26.65865 -26.65964 -26.66021
 -26.43605 -26.43605 -26.43620 -26.43667 -26.43703 -26.43724 -26.43737 -26.43742
 -26.43751 -26.43767 -26.43781 -26.43798 -26.43822 -26.43843 -26.43866 -26.43886
 -26.43883 -26.43871 -26.43942 -26.44027 -26.44041 -26.44014 -26.44028 -26.44107
 -26.27915 -26.27915 -26.27912 -26.27910 -26.27917 -26.27937 -26.27978 -26.28016
 -26.28054 -26.28097 -26.28115 -26.28117 -26.28115 -26.28128 -26.28162 -26.28212
 -26.28227 -26.28215 -26.28256 -26.28303 -26.28292 -26.28343 -26.28431 -26.28477
 -26.16520 -26.16520 -26.16530 -26.16562 -26.16590 -26.16612 -26.16635 -26.16651
 -26.16667 -26.16692 -26.16712 -26.16733 -26.16762 -26.16783 -26.16802 -26.16826
 -26.16845 -26.16864 -26.16893 -26.16910 -26.16921 -26.16994 -26.17071 -26.17112
 -26.11334 -26.11334 -26.11343 -26.11375 -26.11402 -26.11423 -26.11445 -26.11459
 -26.11475 -26.11499 -26.11517 -26.11536 -26.11558 -26.11570 -26.11578 -26.11595
 -26.11628 -26.11678 -26.11694 -26.11684 -26.11717 -26.11806 -26.11865 -26.11895
 -26.06785 -26.06785 -26.06803 -26.06859 -26.06902 -26.06928 -26.06944 -26.06952
 -26.06964 -26.06985 -26.07003 -26.07021 -26.07042 -26.07055 -26.07065 -26.07082
 -26.07106 -26.07139 -26.07157 -26.07157 -26.07178 -26.07253 -26.07313 -26.07338
 -26.04387 -26.04387 -26.04398 -26.04432 -26.04460 -26.04480 -26.04498 -26.04508
 -26.04521 -26.04541 -26.04557 -26.04573 -26.04592 -26.04603 -26.04612 -26.04628
 -26.04652 -26.04687 -26.04702 -26.04701 -26.04726 -26.04782 -26.04825 -26.04865
 -26.04213 -26.04213 -26.04218 -26.04237 -26.04254 -26.04270 -26.04289 -26.04302
 -26.04315 -26.04334 -26.04350 -26.04368 -26.04390 -26.04403 -26.04412 -26.04426
 -26.04450 -26.04485 -26.04498 -26.04498 -26.04527 -26.04561 -26.04589 -26.04654
 -26.04834 -26.04834 -26.04842 -26.04869 -26.04891 -26.04908 -26.04926 -26.04939
 -26.04954 -26.04974 -26.04988 -26.04997 -26.05006 -26.05013 -26.05021 -26.05041
 -26.05068 -26.05103 -26.05117 -26.05117 -26.05144 -26.05185 -26.05215 -26.05263
 -26.06320 -26.06320 -26.06322 -26.06331 -26.06342 -26.06356 -26.06377 -26.06394
 -26.06411 -26.06431 -26.06445 -26.06456 -26.06466 -26.06468 -26.06466 -26.06472
 -26.06492 -26.06528 -26.06544 -26.06543 -26.06572 -26.06620 -26.06646 -26.06673
C-------------------------------------------------------------------------------
C
C     RADIATED POWERS IN UNITS OF W CM**3 
C     ----------------------------------- 
C
C     INPUT DATA
C         FOR YEAR: 96 AND WITH PREFIX: pj
C         FOR ne RECOMBINING ION CHARGE(S)  1 TO 10
C
C     CODE     : ADAS404
C     PRODUCER : Martin O'Mullane              
C     DATE     : 11/06/14
C
C-------------------------------------------------------------------------------
C
C  Re-run for 0 and +1 stages since some parents were mis-identified in the
C  projection mapping. For Ne+1 the effect is small as it was due to the
C  4th parent. For neutral the effect on the final adf11 file is significant.
C
C  PRODUCER : Martin O'Mullane              
C  DATE     : 11.06.2014
C
C-------------------------------------------------------------------------------

C-----------------------------------------------------------------------
C                               OPEN-ADAS
C                               +++++++++
C
C This file has been downloaded from OPEN-ADAS (http://open.adas.ac.uk)
C on 23-Apr-2020.
C
C TERMS AND CONDITIONS
C --------------------
C
C The user of the OPEN-ADAS system and data (hereinafter "the User")
C accepts the following terms and conditions:
C
C   1. The University of Strathclyde uses all reasonable endeavours to
C      ensure the accuracy of the data provided and any information
C      given, but the University makes no warranty, expressed or implied
C      as to its accuracy, integrity, fitness for purpose and shall not
C      be responsible for the use to which the data is put by the User
C      and/or any consequences arising out of any inaccuracies or
C      omissions.
C
C   2. Any downloaded OPEN-ADAS file is made available for the
C      personal use of the User only.  It must not be used for any
C      commercial application, incorporated into any web site or in
C      any form re-distributed without express prior written permission
C      from the ADAS Project. In particular, but not by way of
C      limitation, it must not be:
C        *  inserted into a managed database structure,
C        *  redistributed along with a modelling or analysis code,
C        *  made available on a public website.
C
C Permission for OPEN-ADAS data incorporation in non-commercial
C code/system development for scientific advance will not be
C unreasonably withheld, but will be subject to written agreement
C on a case by case basis.
C
C The User will indemnify the University of Strathclyde and keep it
C fully and effectively indemnified against each and every claim made
C against the University as a result of the User's use of the data.
C
C-----------------------------------------------------------------------
