    6   24   30
   7.69897   8.00000   8.30103   8.69897   9.00000   9.30103   9.69897  10.00000
  10.30103  10.69897  11.00000  11.30103  11.69897  12.00000  12.30103  12.69897
  13.00000  13.30103  13.69897  14.00000  14.30103  14.69897  15.00000  15.30103
   -.69877   -.52268   -.30083   -.15470    .00020    .17629    .30123    .47732
    .69917    .84530   1.00020   1.17629   1.30123   1.47732   1.69917   1.84530
   2.00020   2.17629   2.30123   2.47732   2.69917   2.84530   3.00020   3.17629
   3.30123   3.47732   3.69917   3.84530   4.00020   4.17629
 -32.93616 -33.21013 -33.48585 -33.86048 -34.15143 -34.44524 -34.83694 -35.13441
 -35.43242 -35.83215 -36.13859 -36.44570 -36.85556 -37.16790 -37.47929 -37.88880
 -38.19392 -38.49028 -38.86349 -39.12954 -39.38209 -39.70285 -39.94099 -40.17739
 -31.63014 -31.82194 -32.02795 -32.30318 -32.49454 -32.66586 -32.88447 -33.06922
 -33.28631 -33.61834 -33.89256 -34.17601 -34.54961 -34.82090 -35.07478 -35.37675
 -35.57678 -35.74998 -35.93169 -36.03281 -36.10898 -36.19541 -36.25988 -36.32219
 -29.96205 -30.05567 -30.14777 -30.25088 -30.31968 -30.39542 -30.53646 -30.68526
 -30.86434 -31.11030 -31.27069 -31.39032 -31.48742 -31.52618 -31.54563 -31.55401
 -31.55367 -31.55197 -31.55328 -31.55956 -31.57400 -31.62643 -31.68784 -31.75193
 -29.00291 -29.05012 -29.09174 -29.13575 -29.17100 -29.22048 -29.31656 -29.40507
 -29.49244 -29.58203 -29.62508 -29.65055 -29.66785 -29.67435 -29.67843 -29.68252
 -29.68589 -29.69051 -29.70052 -29.71231 -29.73177 -29.79509 -29.86835 -29.94502
 -28.04627 -28.06204 -28.07764 -28.09808 -28.11687 -28.14190 -28.18341 -28.21489
 -28.24028 -28.26139 -28.26976 -28.27384 -28.27591 -28.27662 -28.27735 -28.27893
 -28.28122 -28.28553 -28.29811 -28.31535 -28.34434 -28.43014 -28.52595 -28.62561
 -27.11868 -27.12253 -27.12618 -27.13172 -27.13798 -27.14704 -27.16054 -27.16936
 -27.17579 -27.18102 -27.18316 -27.18438 -27.18550 -27.18638 -27.18757 -27.19123
 -27.19688 -27.20655 -27.23130 -27.26294 -27.31102 -27.42515 -27.54256 -27.66347
 -26.59391 -26.59555 -26.59738 -26.60099 -26.60525 -26.61077 -26.61850 -26.62330
 -26.62651 -26.62893 -26.62993 -26.63057 -26.63187 -26.63328 -26.63497 -26.64002
 -26.64837 -26.66300 -26.69740 -26.73986 -26.80281 -26.93581 -27.06523 -27.19790
 -26.02663 -26.02752 -26.02896 -26.03207 -26.03562 -26.04001 -26.04569 -26.04882
 -26.05064 -26.05236 -26.05358 -26.05456 -26.05603 -26.05772 -26.06051 -26.06877
 -26.08114 -26.10161 -26.14821 -26.20345 -26.28087 -26.43002 -26.56894 -26.71106
 -25.52577 -25.52675 -25.52857 -25.53238 -25.53617 -25.54020 -25.54422 -25.54626
 -25.54828 -25.54995 -25.55068 -25.55180 -25.55348 -25.55544 -25.55936 -25.57005
 -25.58462 -25.60772 -25.66069 -25.72296 -25.80713 -25.95619 -26.08833 -26.22279
 -25.29154 -25.29315 -25.29507 -25.29882 -25.30238 -25.30567 -25.30896 -25.31055
 -25.31154 -25.31289 -25.31402 -25.31496 -25.31666 -25.31915 -25.32351 -25.33391
 -25.34838 -25.37246 -25.42557 -25.48709 -25.57082 -25.71406 -25.83732 -25.96206
 -25.10712 -25.10842 -25.11037 -25.11395 -25.11689 -25.11939 -25.12192 -25.12317
 -25.12373 -25.12437 -25.12531 -25.12673 -25.12904 -25.13147 -25.13545 -25.14573
 -25.16011 -25.18330 -25.23446 -25.29438 -25.37621 -25.51272 -25.62766 -25.74348
 -24.95939 -24.96053 -24.96228 -24.96519 -24.96732 -24.96902 -24.97051 -24.97114
 -24.97152 -24.97319 -24.97468 -24.97504 -24.97651 -24.97937 -24.98352 -24.99322
 -25.00667 -25.02872 -25.07767 -25.13533 -25.21419 -25.34332 -25.45035 -25.55801
 -24.88584 -24.88669 -24.88803 -24.89033 -24.89200 -24.89325 -24.89436 -24.89470
 -24.89463 -24.89608 -24.89774 -24.89824 -24.89944 -24.90203 -24.90633 -24.91617
 -24.92924 -24.95039 -24.99733 -25.05313 -25.13010 -25.25564 -25.35920 -25.46335
 -24.81522 -24.81569 -24.81676 -24.81855 -24.81966 -24.82047 -24.82099 -24.82145
 -24.82235 -24.82196 -24.82175 -24.82400 -24.82629 -24.82802 -24.83312 -24.84353
 -24.85578 -24.87577 -24.91887 -24.97088 -25.04527 -25.16744 -25.26790 -25.36900
 -24.76759 -24.76817 -24.76893 -24.76996 -24.77063 -24.77112 -24.77127 -24.77151
 -24.77247 -24.77375 -24.77436 -24.77508 -24.77713 -24.77972 -24.78323 -24.79104
 -24.80210 -24.82081 -24.86244 -24.91247 -24.98280 -25.09932 -25.19642 -25.29444
 -24.75672 -24.75716 -24.75766 -24.75845 -24.75898 -24.75926 -24.75960 -24.75957
 -24.75910 -24.76056 -24.76217 -24.76181 -24.76298 -24.76602 -24.76945 -24.77703
 -24.78767 -24.80500 -24.84407 -24.89160 -24.95868 -25.07211 -25.16822 -25.26556
 -24.75607 -24.75643 -24.75685 -24.75719 -24.75730 -24.75747 -24.75767 -24.75770
 -24.75767 -24.75837 -24.75938 -24.76023 -24.76117 -24.76273 -24.76630 -24.77482
 -24.78534 -24.80131 -24.83597 -24.87939 -24.94349 -25.05398 -25.14809 -25.24353
 -24.75968 -24.75986 -24.75990 -24.76085 -24.76186 -24.76209 -24.76203 -24.76210
 -24.76216 -24.76195 -24.76199 -24.76275 -24.76418 -24.76595 -24.76932 -24.77716
 -24.78656 -24.80059 -24.83299 -24.87443 -24.93494 -25.03933 -25.12863 -25.21929
 -24.76353 -24.76367 -24.76404 -24.76577 -24.76722 -24.76746 -24.76731 -24.76739
 -24.76739 -24.76752 -24.76749 -24.76707 -24.76734 -24.76945 -24.77388 -24.78172
 -24.78982 -24.80240 -24.83254 -24.87144 -24.92846 -25.02900 -25.11639 -25.20530
 -24.77181 -24.77234 -24.77507 -24.77612 -24.77477 -24.77462 -24.77493 -24.77487
 -24.77487 -24.77485 -24.77481 -24.77496 -24.77643 -24.77801 -24.77948 -24.78610
 -24.79527 -24.80696 -24.83380 -24.86857 -24.91956 -25.01469 -25.10083 -25.18888
 -24.78254 -24.78363 -24.78961 -24.78962 -24.78431 -24.78364 -24.78462 -24.78437
 -24.78437 -24.78408 -24.78403 -24.78519 -24.78854 -24.78932 -24.78648 -24.79140
 -24.80229 -24.81299 -24.83566 -24.86513 -24.90835 -24.99662 -25.08129 -25.16838
 -24.78958 -24.79105 -24.79918 -24.79852 -24.79061 -24.78960 -24.79103 -24.79066
 -24.79066 -24.79020 -24.79012 -24.79196 -24.79655 -24.79680 -24.79112 -24.79492
 -24.80694 -24.81699 -24.83690 -24.86287 -24.90096 -24.98468 -25.06835 -25.15478
 -24.79702 -24.79891 -24.80933 -24.80797 -24.79730 -24.79593 -24.79784 -24.79733
 -24.79734 -24.79669 -24.79660 -24.79915 -24.80506 -24.80474 -24.79605 -24.79866
 -24.81189 -24.82125 -24.83822 -24.86047 -24.89311 -24.97200 -25.05460 -25.14031
 -24.80546 -24.80782 -24.82087 -24.81871 -24.80491 -24.80314 -24.80559 -24.80493
 -24.80495 -24.80407 -24.80397 -24.80733 -24.81475 -24.81378 -24.80166 -24.80292
 -24.81751 -24.82609 -24.83973 -24.85775 -24.88419 -24.95757 -25.03894 -25.12382
 -24.81145 -24.81414 -24.82905 -24.82633 -24.81031 -24.80825 -24.81109 -24.81033
 -24.81035 -24.80932 -24.80920 -24.81314 -24.82163 -24.82020 -24.80565 -24.80594
 -24.82150 -24.82953 -24.84081 -24.85581 -24.87785 -24.94731 -25.02781 -25.11209
 -24.81987 -24.82305 -24.84058 -24.83707 -24.81792 -24.81546 -24.81885 -24.81793
 -24.81796 -24.81671 -24.81658 -24.82133 -24.83133 -24.82925 -24.81127 -24.81020
 -24.82713 -24.83438 -24.84232 -24.85308 -24.86891 -24.93285 -25.01210 -25.09555
 -24.83047 -24.83425 -24.85510 -24.85060 -24.82750 -24.82455 -24.82862 -24.82751
 -24.82755 -24.82603 -24.82587 -24.83165 -24.84355 -24.84066 -24.81835 -24.81558
 -24.83423 -24.84048 -24.84422 -24.84964 -24.85764 -24.91462 -24.99230 -25.07468
 -24.83745 -24.84163 -24.86467 -24.85951 -24.83382 -24.83053 -24.83506 -24.83382
 -24.83387 -24.83216 -24.83199 -24.83845 -24.85160 -24.84817 -24.82302 -24.81912
 -24.83890 -24.84451 -24.84548 -24.84737 -24.85022 -24.90261 -24.97925 -25.06093
 -24.84484 -24.84945 -24.87480 -24.86895 -24.84051 -24.83687 -24.84188 -24.84051
 -24.84056 -24.83867 -24.83848 -24.84566 -24.86014 -24.85614 -24.82796 -24.82287
 -24.84386 -24.84877 -24.84681 -24.84496 -24.84235 -24.88987 -24.96542 -25.04634
 -24.85324 -24.85833 -24.88632 -24.87968 -24.84811 -24.84408 -24.84963 -24.84812
 -24.84817 -24.84606 -24.84585 -24.85385 -24.86984 -24.86519 -24.83358 -24.82714
 -24.84949 -24.85362 -24.84832 -24.84223 -24.83340 -24.87539 -24.94968 -25.02976
 -36.82700 -36.84273 -36.87121 -36.94616 -37.04780 -37.19971 -37.47422 -37.72453
 -37.99826 -38.37920 -38.67394 -38.97240 -39.36850 -39.66743 -39.96749 -40.36295
 -40.66016 -40.96094 -41.36618 -41.67786 -41.99454 -42.41365 -42.72528 -43.03277
 -32.97775 -32.99006 -33.01285 -33.07460 -33.16129 -33.29594 -33.54998 -33.79011
 -34.05768 -34.43386 -34.72580 -35.02231 -35.41798 -35.71847 -36.02106 -36.41982
 -36.71167 -36.98310 -37.28771 -37.46901 -37.61647 -37.78540 -37.91801 -38.07696
 -30.02909 -30.03892 -30.05763 -30.10668 -30.17560 -30.28767 -30.51294 -30.73667
 -30.99064 -31.34761 -31.61716 -31.87451 -32.16874 -32.33784 -32.45566 -32.54772
 -32.58570 -32.60883 -32.62833 -32.64160 -32.65976 -32.70464 -32.76883 -32.87519
 -28.77384 -28.78245 -28.79936 -28.84080 -28.89795 -28.99570 -29.19657 -29.39390
 -29.61110 -29.88840 -30.06159 -30.18889 -30.29191 -30.33390 -30.35654 -30.36983
 -30.37466 -30.37897 -30.38502 -30.39164 -30.40608 -30.44598 -30.50260 -30.59827
 -27.82505 -27.83169 -27.84394 -27.87589 -27.92197 -27.99918 -28.15179 -28.29083
 -28.42511 -28.56186 -28.62645 -28.66500 -28.69043 -28.69918 -28.70386 -28.70725
 -28.70883 -28.71062 -28.71492 -28.72137 -28.73314 -28.76576 -28.81459 -28.89756
 -27.03518 -27.03944 -27.04734 -27.06803 -27.09701 -27.14284 -27.22561 -27.29215
 -27.34695 -27.39350 -27.41169 -27.42112 -27.42683 -27.42904 -27.43027 -27.43132
 -27.43211 -27.43283 -27.43532 -27.44013 -27.44874 -27.47329 -27.51123 -27.57627
 -26.58658 -26.58928 -26.59435 -26.60819 -26.62737 -26.65604 -26.70413 -26.73962
 -26.76601 -26.78644 -26.79455 -26.79893 -26.80178 -26.80285 -26.80317 -26.80356
 -26.80428 -26.80464 -26.80626 -26.81023 -26.81702 -26.83612 -26.86609 -26.91815
 -26.05537 -26.05689 -26.05959 -26.06759 -26.07907 -26.09527 -26.12022 -26.13685
 -26.14862 -26.15738 -26.16086 -26.16250 -26.16338 -26.16380 -26.16383 -26.16421
 -26.16511 -26.16547 -26.16617 -26.16853 -26.17319 -26.18723 -26.20947 -26.24826
 -25.52422 -25.52532 -25.52768 -25.53421 -25.54293 -25.55477 -25.57227 -25.58329
 -25.59090 -25.59651 -25.59867 -25.59968 -25.60009 -25.60031 -25.60096 -25.60199
 -25.60225 -25.60199 -25.60267 -25.60545 -25.61051 -25.62426 -25.64461 -25.67833
 -25.26248 -25.26362 -25.26585 -25.27189 -25.27999 -25.29101 -25.30691 -25.31673
 -25.32349 -25.32833 -25.33000 -25.33094 -25.33165 -25.33186 -25.33192 -25.33190
 -25.33200 -25.33261 -25.33480 -25.33820 -25.34426 -25.35964 -25.38031 -25.41255
 -25.05769 -25.05874 -25.06081 -25.06632 -25.07351 -25.08325 -25.09724 -25.10577
 -25.11154 -25.11576 -25.11732 -25.11806 -25.11845 -25.11864 -25.11880 -25.11889
 -25.11907 -25.12003 -25.12309 -25.12742 -25.13487 -25.15216 -25.17328 -25.20413
 -24.90033 -24.90124 -24.90301 -24.90764 -24.91357 -24.92142 -24.93234 -24.93898
 -24.94341 -24.94655 -24.94778 -24.94837 -24.94878 -24.94900 -24.94892 -24.94958
 -24.95143 -24.95367 -24.95648 -24.96003 -24.96880 -24.98896 -25.01016 -25.03926
 -24.82972 -24.83050 -24.83197 -24.83583 -24.84075 -24.84720 -24.85605 -24.86135
 -24.86483 -24.86721 -24.86812 -24.86861 -24.86887 -24.86884 -24.86867 -24.86913
 -24.87039 -24.87191 -24.87513 -24.88031 -24.88997 -24.91054 -24.93212 -24.96030
 -24.76667 -24.76728 -24.76842 -24.77132 -24.77486 -24.77930 -24.78502 -24.78818
 -24.79017 -24.79156 -24.79205 -24.79214 -24.79273 -24.79387 -24.79450 -24.79405
 -24.79372 -24.79517 -24.80019 -24.80644 -24.81640 -24.83662 -24.85789 -24.88571
 -24.73040 -24.73084 -24.73164 -24.73361 -24.73589 -24.73862 -24.74186 -24.74348
 -24.74452 -24.74530 -24.74556 -24.74564 -24.74578 -24.74594 -24.74582 -24.74636
 -24.74782 -24.74906 -24.75269 -24.75963 -24.77089 -24.79208 -24.81337 -24.84187
 -24.72553 -24.72587 -24.72649 -24.72800 -24.72973 -24.73170 -24.73400 -24.73520
 -24.73597 -24.73646 -24.73657 -24.73665 -24.73682 -24.73687 -24.73666 -24.73722
 -24.73874 -24.73991 -24.74341 -24.75037 -24.76158 -24.78253 -24.80355 -24.83156
 -24.73423 -24.73449 -24.73496 -24.73610 -24.73739 -24.73886 -24.74055 -24.74142
 -24.74193 -24.74227 -24.74239 -24.74243 -24.74254 -24.74260 -24.74232 -24.74286
 -24.74447 -24.74559 -24.74937 -24.75664 -24.76667 -24.78714 -24.81035 -24.83891
 -24.75270 -24.75290 -24.75326 -24.75413 -24.75509 -24.75618 -24.75742 -24.75802
 -24.75838 -24.75860 -24.75868 -24.75879 -24.75866 -24.75855 -24.75968 -24.76152
 -24.76175 -24.76201 -24.76545 -24.77212 -24.78227 -24.80372 -24.82710 -24.85436
 -24.76944 -24.76961 -24.76992 -24.77065 -24.77148 -24.77242 -24.77350 -24.77403
 -24.77435 -24.77456 -24.77463 -24.77472 -24.77462 -24.77455 -24.77540 -24.77628
 -24.77607 -24.77746 -24.78175 -24.78676 -24.79598 -24.81747 -24.84035 -24.86640
 -24.79458 -24.79472 -24.79497 -24.79557 -24.79626 -24.79705 -24.79797 -24.79844
 -24.79873 -24.79894 -24.79901 -24.79904 -24.79905 -24.79907 -24.79908 -24.79862
 -24.79832 -24.79979 -24.80476 -24.81059 -24.81917 -24.83728 -24.85765 -24.88403
 -24.82644 -24.82655 -24.82674 -24.82723 -24.82780 -24.82846 -24.82923 -24.82963
 -24.82987 -24.83004 -24.83009 -24.83009 -24.83017 -24.83022 -24.82990 -24.83081
 -24.83283 -24.83308 -24.83423 -24.83986 -24.84924 -24.86721 -24.88585 -24.91022
 -24.85099 -24.85108 -24.85126 -24.85170 -24.85220 -24.85280 -24.85350 -24.85386
 -24.85409 -24.85425 -24.85430 -24.85433 -24.85434 -24.85434 -24.85444 -24.85423
 -24.85407 -24.85536 -24.85859 -24.86206 -24.86918 -24.88537 -24.90263 -24.92514
 -24.87626 -24.87635 -24.87650 -24.87690 -24.87735 -24.87790 -24.87856 -24.87890
 -24.87911 -24.87925 -24.87930 -24.87934 -24.87934 -24.87933 -24.87943 -24.87923
 -24.87904 -24.88034 -24.88395 -24.88772 -24.89395 -24.90858 -24.92520 -24.94550
 -24.90442 -24.90449 -24.90463 -24.90497 -24.90539 -24.90589 -24.90649 -24.90682
 -24.90702 -24.90714 -24.90719 -24.90721 -24.90725 -24.90726 -24.90711 -24.90753
 -24.90860 -24.90941 -24.91229 -24.91733 -24.92330 -24.93667 -24.95300 -24.97061
 -24.92439 -24.92446 -24.92458 -24.92490 -24.92529 -24.92575 -24.92632 -24.92664
 -24.92683 -24.92693 -24.92698 -24.92700 -24.92707 -24.92708 -24.92676 -24.92762
 -24.92959 -24.93005 -24.93242 -24.93835 -24.94414 -24.95660 -24.97273 -24.98844
 -24.95253 -24.95259 -24.95270 -24.95299 -24.95334 -24.95376 -24.95428 -24.95459
 -24.95476 -24.95484 -24.95489 -24.95490 -24.95501 -24.95504 -24.95446 -24.95595
 -24.95918 -24.95916 -24.96079 -24.96799 -24.97353 -24.98470 -25.00055 -25.01357
 -24.98799 -24.98804 -24.98813 -24.98837 -24.98868 -24.98905 -24.98952 -24.98982
 -24.98996 -24.99003 -24.99008 -24.99006 -24.99023 -24.99028 -24.98939 -24.99165
 -24.99649 -24.99585 -24.99657 -25.00537 -25.01058 -25.02012 -25.03560 -25.04523
 -25.01133 -25.01138 -25.01146 -25.01168 -25.01197 -25.01231 -25.01275 -25.01303
 -25.01316 -25.01322 -25.01327 -25.01324 -25.01344 -25.01351 -25.01241 -25.01518
 -25.02108 -25.02004 -25.02014 -25.03000 -25.03499 -25.04346 -25.05870 -25.06609
 -25.03608 -25.03612 -25.03619 -25.03639 -25.03666 -25.03696 -25.03737 -25.03764
 -25.03776 -25.03781 -25.03786 -25.03781 -25.03805 -25.03814 -25.03682 -25.04013
 -25.04715 -25.04568 -25.04514 -25.05612 -25.06089 -25.06821 -25.08319 -25.08821
 -25.06421 -25.06424 -25.06430 -25.06448 -25.06472 -25.06500 -25.06537 -25.06563
 -25.06574 -25.06577 -25.06582 -25.06576 -25.06604 -25.06615 -25.06458 -25.06850
 -25.07680 -25.07485 -25.07357 -25.08583 -25.09034 -25.09636 -25.11104 -25.11336
 -36.29459 -36.30749 -36.33569 -36.40933 -36.50542 -36.64814 -36.91901 -37.17195
 -37.44799 -37.82639 -38.12600 -38.43227 -38.82522 -39.10603 -39.37099 -39.70911
 -39.99833 -40.36221 -41.02238 -41.68208 -42.45432 -43.54495 -44.33123 -45.01969
 -33.72988 -33.74080 -33.76442 -33.82638 -33.90980 -34.03733 -34.28640 -34.52566
 -34.79295 -35.16663 -35.46158 -35.76238 -36.15635 -36.44904 -36.73618 -37.11016
 -37.40622 -37.73119 -38.22808 -38.66362 -39.13907 -39.78243 -40.23454 -40.62635
 -30.55576 -30.56420 -30.58213 -30.62961 -30.69723 -30.80566 -31.02694 -31.24887
 -31.50507 -31.87244 -32.16181 -32.45596 -32.84794 -33.14709 -33.44574 -33.82786
 -34.09295 -34.32101 -34.54613 -34.65943 -34.73758 -34.81486 -34.87111 -34.94089
 -28.99880 -29.00570 -29.02050 -29.06040 -29.11898 -29.21489 -29.41525 -29.62410
 -29.87061 -30.22507 -30.50339 -30.77784 -31.10713 -31.31139 -31.46755 -31.60360
 -31.66791 -31.71034 -31.74415 -31.75879 -31.76893 -31.78407 -31.80523 -31.84634
 -27.88186 -27.88749 -27.89895 -27.92989 -27.97794 -28.05984 -28.23541 -28.41960
 -28.63193 -28.91195 -29.09324 -29.23357 -29.35533 -29.40968 -29.44141 -29.46012
 -29.46308 -29.46160 -29.46006 -29.46049 -29.46399 -29.47822 -29.50054 -29.54089
 -26.99479 -26.99916 -27.00765 -27.03036 -27.06583 -27.12594 -27.24922 -27.36488
 -27.47786 -27.59105 -27.64464 -27.67611 -27.69620 -27.70282 -27.70598 -27.70786
 -27.70970 -27.71205 -27.71426 -27.71586 -27.71932 -27.73078 -27.74770 -27.77965
 -26.50945 -26.51302 -26.52027 -26.53944 -26.56644 -26.60838 -26.68588 -26.74932
 -26.80390 -26.85094 -26.86964 -26.87901 -26.88514 -26.88764 -26.88916 -26.89020
 -26.89082 -26.89133 -26.89162 -26.89268 -26.89595 -26.90635 -26.92182 -26.95068
 -25.95582 -25.95855 -25.96357 -25.97702 -25.99550 -26.02219 -26.06397 -26.09255
 -26.11301 -26.12790 -26.13350 -26.13670 -26.13868 -26.13896 -26.13877 -26.13889
 -26.13949 -26.13997 -26.13973 -26.14127 -26.14517 -26.15375 -26.16643 -26.19114
 -25.45505 -25.45777 -25.46175 -25.47230 -25.48839 -25.51141 -25.54147 -25.55887
 -25.57040 -25.57870 -25.58179 -25.58342 -25.58437 -25.58443 -25.58436 -25.58490
 -25.58521 -25.58537 -25.58617 -25.58742 -25.58971 -25.59614 -25.60649 -25.62656
 -25.22509 -25.22794 -25.23210 -25.24264 -25.25852 -25.28084 -25.30882 -25.32419
 -25.33428 -25.34141 -25.34404 -25.34542 -25.34616 -25.34646 -25.34676 -25.34707
 -25.34700 -25.34698 -25.34783 -25.34865 -25.35018 -25.35577 -25.36454 -25.38084
 -25.04594 -25.04855 -25.05259 -25.06276 -25.07761 -25.09813 -25.12357 -25.13754
 -25.14699 -25.15366 -25.15588 -25.15692 -25.15780 -25.15821 -25.15836 -25.15825
 -25.15835 -25.15863 -25.15896 -25.15949 -25.16082 -25.16495 -25.17112 -25.18290
 -24.89954 -24.90176 -24.90538 -24.91424 -24.92675 -24.94407 -24.96681 -24.97958
 -24.98796 -24.99393 -24.99598 -24.99695 -24.99772 -24.99799 -24.99804 -24.99805
 -24.99808 -24.99810 -24.99810 -24.99847 -24.99931 -25.00154 -25.00573 -25.01369
 -24.82506 -24.82694 -24.83015 -24.83804 -24.84899 -24.86407 -24.88419 -24.89577
 -24.90353 -24.90903 -24.91056 -24.91123 -24.91286 -24.91353 -24.91342 -24.91324
 -24.91321 -24.91319 -24.91313 -24.91305 -24.91337 -24.91527 -24.91717 -24.92115
 -24.75493 -24.75631 -24.75881 -24.76513 -24.77387 -24.78586 -24.80199 -24.81168
 -24.81851 -24.82302 -24.82410 -24.82456 -24.82576 -24.82601 -24.82577 -24.82640
 -24.82675 -24.82657 -24.82607 -24.82577 -24.82561 -24.82556 -24.82573 -24.82693
 -24.71089 -24.71180 -24.71348 -24.71769 -24.72348 -24.73164 -24.74360 -24.75061
 -24.75507 -24.75899 -24.76040 -24.76069 -24.76076 -24.76107 -24.76149 -24.76168
 -24.76144 -24.76128 -24.76179 -24.76143 -24.76044 -24.75952 -24.75770 -24.75459
 -24.70511 -24.70580 -24.70707 -24.71019 -24.71444 -24.72052 -24.72967 -24.73493
 -24.73811 -24.74133 -24.74249 -24.74256 -24.74259 -24.74305 -24.74354 -24.74331
 -24.74312 -24.74297 -24.74216 -24.74183 -24.74182 -24.74082 -24.73773 -24.73233
 -24.71295 -24.71342 -24.71431 -24.71652 -24.71957 -24.72386 -24.73005 -24.73387
 -24.73647 -24.73831 -24.73908 -24.73958 -24.73973 -24.73967 -24.73970 -24.74001
 -24.74011 -24.73994 -24.73944 -24.73898 -24.73842 -24.73675 -24.73283 -24.72585
 -24.73774 -24.73804 -24.73860 -24.74000 -24.74194 -24.74469 -24.74860 -24.75087
 -24.75236 -24.75373 -24.75423 -24.75434 -24.75436 -24.75448 -24.75465 -24.75470
 -24.75453 -24.75447 -24.75492 -24.75435 -24.75290 -24.75055 -24.74631 -24.73776
 -24.76115 -24.76136 -24.76176 -24.76275 -24.76412 -24.76606 -24.76881 -24.77044
 -24.77153 -24.77243 -24.77270 -24.77275 -24.77291 -24.77305 -24.77309 -24.77297
 -24.77315 -24.77317 -24.77193 -24.77133 -24.77100 -24.76854 -24.76332 -24.75372
 -24.79744 -24.79757 -24.79782 -24.79842 -24.79927 -24.80046 -24.80212 -24.80314
 -24.80385 -24.80433 -24.80442 -24.80446 -24.80468 -24.80478 -24.80472 -24.80460
 -24.80498 -24.80491 -24.80240 -24.80182 -24.80228 -24.79953 -24.79358 -24.78325
 -24.84724 -24.84732 -24.84745 -24.84778 -24.84824 -24.84890 -24.84979 -24.85032
 -24.85069 -24.85094 -24.85104 -24.85112 -24.85115 -24.85118 -24.85117 -24.85107
 -24.85140 -24.85127 -24.84884 -24.84842 -24.84860 -24.84438 -24.83890 -24.82966
 -24.88159 -24.88165 -24.88174 -24.88196 -24.88227 -24.88272 -24.88332 -24.88368
 -24.88392 -24.88408 -24.88416 -24.88423 -24.88423 -24.88425 -24.88425 -24.88414
 -24.88454 -24.88440 -24.88139 -24.88040 -24.88065 -24.87826 -24.87322 -24.86334
 -24.91611 -24.91614 -24.91621 -24.91637 -24.91659 -24.91692 -24.91733 -24.91756
 -24.91770 -24.91782 -24.91787 -24.91789 -24.91790 -24.91792 -24.91792 -24.91788
 -24.91803 -24.91798 -24.91691 -24.91691 -24.91744 -24.91584 -24.91028 -24.89866
 -24.95847 -24.95849 -24.95853 -24.95863 -24.95877 -24.95897 -24.95924 -24.95938
 -24.95948 -24.95955 -24.95958 -24.95959 -24.95960 -24.95959 -24.95960 -24.95962
 -24.95953 -24.95956 -24.95991 -24.95865 -24.95632 -24.95360 -24.94882 -24.93855
 -24.98793 -24.98795 -24.98798 -24.98805 -24.98815 -24.98829 -24.98848 -24.98859
 -24.98866 -24.98871 -24.98872 -24.98873 -24.98874 -24.98874 -24.98874 -24.98875
 -24.98873 -24.98873 -24.98868 -24.98761 -24.98551 -24.98183 -24.97758 -24.96878
 -25.02738 -25.02739 -25.02741 -25.02746 -25.02753 -25.02763 -25.02775 -25.02781
 -25.02785 -25.02788 -25.02789 -25.02790 -25.02790 -25.02791 -25.02791 -25.02786
 -25.02804 -25.02798 -25.02709 -25.02846 -25.02965 -25.02440 -25.02020 -25.01284
 -25.07695 -25.07696 -25.07697 -25.07700 -25.07704 -25.07710 -25.07717 -25.07720
 -25.07722 -25.07723 -25.07724 -25.07725 -25.07724 -25.07727 -25.07726 -25.07715
 -25.07758 -25.07743 -25.07547 -25.08002 -25.08549 -25.07824 -25.07409 -25.06856
 -25.10958 -25.10958 -25.10959 -25.10961 -25.10964 -25.10968 -25.10973 -25.10975
 -25.10976 -25.10977 -25.10978 -25.10978 -25.10977 -25.10982 -25.10980 -25.10965
 -25.11024 -25.11004 -25.10738 -25.11401 -25.12230 -25.11375 -25.10963 -25.10532
 -25.14415 -25.14415 -25.14416 -25.14417 -25.14419 -25.14422 -25.14426 -25.14427
 -25.14427 -25.14428 -25.14429 -25.14429 -25.14428 -25.14433 -25.14431 -25.14411
 -25.14488 -25.14461 -25.14121 -25.15006 -25.16135 -25.15141 -25.14733 -25.14430
 -25.18344 -25.18344 -25.18344 -25.18345 -25.18347 -25.18349 -25.18351 -25.18351
 -25.18352 -25.18352 -25.18353 -25.18353 -25.18351 -25.18358 -25.18356 -25.18331
 -25.18427 -25.18394 -25.17969 -25.19106 -25.20574 -25.19423 -25.19020 -25.18864
 -34.69125 -34.69125 -34.69125 -34.69125 -34.69125 -34.69125 -34.69124 -34.69124
 -34.69126 -34.69125 -34.69119 -34.69132 -34.69123 -34.69041 -34.69227 -34.69606
 -34.69258 -34.69694 -34.71729 -34.72583 -34.75103 -34.84296 -34.96129 -35.13399
 -32.93024 -32.93024 -32.93024 -32.93024 -32.93024 -32.93024 -32.93023 -32.93023
 -32.93024 -32.93024 -32.93020 -32.93029 -32.93023 -32.92966 -32.93095 -32.93377
 -32.93184 -32.93552 -32.95139 -32.96073 -32.98453 -33.06509 -33.17144 -33.32963
 -30.71163 -30.71163 -30.71163 -30.71163 -30.71163 -30.71163 -30.71163 -30.71163
 -30.71163 -30.71163 -30.71161 -30.71165 -30.71162 -30.71136 -30.71196 -30.71356
 -30.71356 -30.71639 -30.72663 -30.73695 -30.75901 -30.82523 -30.91650 -31.05640
 -29.25028 -29.25028 -29.25028 -29.25028 -29.25028 -29.25028 -29.25028 -29.25028
 -29.25028 -29.25028 -29.25027 -29.25028 -29.25028 -29.25022 -29.25035 -29.25115
 -29.25243 -29.25469 -29.26123 -29.27220 -29.29311 -29.34988 -29.43122 -29.55908
 -27.82445 -27.82445 -27.82445 -27.82445 -27.82445 -27.82445 -27.82445 -27.82445
 -27.82445 -27.82445 -27.82446 -27.82444 -27.82445 -27.82457 -27.82431 -27.82443
 -27.82675 -27.82867 -27.83223 -27.84311 -27.86226 -27.91003 -27.98129 -28.09656
 -26.75453 -26.75453 -26.75453 -26.75453 -26.75453 -26.75453 -26.75453 -26.75453
 -26.75453 -26.75453 -26.75453 -26.75452 -26.75453 -26.75459 -26.75445 -26.75474
 -26.75664 -26.75861 -26.76222 -26.77054 -26.78596 -26.82688 -26.88842 -26.99054
 -26.23181 -26.23181 -26.23181 -26.23181 -26.23181 -26.23181 -26.23181 -26.23181
 -26.23181 -26.23181 -26.23180 -26.23181 -26.23181 -26.23175 -26.23188 -26.23249
 -26.23319 -26.23453 -26.23869 -26.24549 -26.25853 -26.29521 -26.35056 -26.44407
 -25.73246 -25.73246 -25.73246 -25.73246 -25.73246 -25.73246 -25.73246 -25.73246
 -25.73246 -25.73246 -25.73246 -25.73246 -25.73246 -25.73244 -25.73248 -25.73234
 -25.73186 -25.73313 -25.73817 -25.74283 -25.75329 -25.78629 -25.83426 -25.91583
 -25.36274 -25.36274 -25.36274 -25.36274 -25.36274 -25.36274 -25.36274 -25.36274
 -25.36275 -25.36276 -25.36276 -25.36276 -25.36276 -25.36277 -25.36274 -25.36281
 -25.36331 -25.36449 -25.36751 -25.37178 -25.38048 -25.40593 -25.44471 -25.51372
 -25.22171 -25.22171 -25.22171 -25.22171 -25.22171 -25.22171 -25.22171 -25.22171
 -25.22171 -25.22171 -25.22171 -25.22171 -25.22171 -25.22171 -25.22170 -25.22171
 -25.22192 -25.22279 -25.22541 -25.22889 -25.23611 -25.25784 -25.29116 -25.35053
 -25.12327 -25.12327 -25.12327 -25.12327 -25.12327 -25.12327 -25.12326 -25.12326
 -25.12327 -25.12330 -25.12330 -25.12330 -25.12330 -25.12333 -25.12327 -25.12330
 -25.12389 -25.12468 -25.12616 -25.12887 -25.13446 -25.15063 -25.17557 -25.22050
 -25.05020 -25.05020 -25.05019 -25.05017 -25.05018 -25.05021 -25.05029 -25.05028
 -25.05014 -25.04987 -25.04985 -25.04988 -25.04988 -25.04987 -25.04989 -25.04999
 -25.05014 -25.05040 -25.05123 -25.05270 -25.05574 -25.06464 -25.07836 -25.10280
 -25.01270 -25.01270 -25.01270 -25.01268 -25.01268 -25.01272 -25.01280 -25.01279
 -25.01265 -25.01236 -25.01233 -25.01238 -25.01237 -25.01231 -25.01244 -25.01282
 -25.01284 -25.01287 -25.01334 -25.01404 -25.01532 -25.01891 -25.02449 -25.03472
 -24.97204 -24.97205 -24.97217 -24.97242 -24.97240 -24.97193 -24.97098 -24.97108
 -24.97283 -24.97626 -24.97658 -24.97615 -24.97627 -24.97631 -24.97625 -24.97620
 -24.97624 -24.97616 -24.97616 -24.97665 -24.97547 -24.97037 -24.96613 -24.96118
 -24.94824 -24.94824 -24.94821 -24.94815 -24.94816 -24.94827 -24.94848 -24.94846
 -24.94806 -24.94733 -24.94732 -24.94728 -24.94684 -24.94678 -24.94686 -24.94688
 -24.94683 -24.94684 -24.94690 -24.94659 -24.94488 -24.93811 -24.92728 -24.90871
 -24.94305 -24.94305 -24.94305 -24.94305 -24.94305 -24.94305 -24.94304 -24.94304
 -24.94306 -24.94308 -24.94307 -24.94310 -24.94321 -24.94322 -24.94321 -24.94321
 -24.94314 -24.94332 -24.94318 -24.94129 -24.93856 -24.93153 -24.91808 -24.89520
 -24.94795 -24.94795 -24.94796 -24.94798 -24.94798 -24.94795 -24.94788 -24.94789
 -24.94801 -24.94793 -24.94744 -24.94856 -24.95214 -24.95249 -24.95202 -24.95210
 -24.95201 -24.95207 -24.95209 -24.95056 -24.94684 -24.93628 -24.92083 -24.89545
 -24.96781 -24.96781 -24.96780 -24.96780 -24.96779 -24.96776 -24.96771 -24.96772
 -24.96781 -24.96775 -24.96737 -24.96823 -24.97097 -24.97126 -24.97079 -24.97089
 -24.97159 -24.97182 -24.97085 -24.96974 -24.96644 -24.95551 -24.93983 -24.91213
 -24.98876 -24.98875 -24.98874 -24.98872 -24.98871 -24.98871 -24.98872 -24.98872
 -24.98871 -24.98868 -24.98867 -24.98869 -24.98885 -24.98901 -24.98861 -24.98884
 -24.99199 -24.99269 -24.98875 -24.98916 -24.98777 -24.97583 -24.95876 -24.93108
 -25.02355 -25.02371 -25.02390 -25.02419 -25.02435 -25.02438 -25.02426 -25.02424
 -25.02447 -25.02491 -25.02489 -25.02498 -25.02553 -25.02581 -25.02615 -25.02658
 -25.02637 -25.02637 -25.02655 -25.02512 -25.02161 -25.01186 -24.99705 -24.96932
 -25.07812 -25.07833 -25.07850 -25.07861 -25.07864 -25.07864 -25.07866 -25.07873
 -25.07890 -25.07914 -25.07913 -25.07919 -25.07961 -25.07998 -25.08023 -25.08040
 -25.08066 -25.08083 -25.08058 -25.07975 -25.07717 -25.06780 -25.05227 -25.02442
 -25.11859 -25.11873 -25.11880 -25.11878 -25.11877 -25.11885 -25.11910 -25.11930
 -25.11941 -25.11938 -25.11933 -25.11945 -25.11997 -25.12036 -25.12052 -25.12053
 -25.12084 -25.12117 -25.12110 -25.12033 -25.11786 -25.10904 -25.09450 -25.06821
 -25.16392 -25.16390 -25.16394 -25.16413 -25.16435 -25.16459 -25.16490 -25.16508
 -25.16519 -25.16517 -25.16509 -25.16527 -25.16581 -25.16578 -25.16584 -25.16645
 -25.16688 -25.16716 -25.16706 -25.16610 -25.16369 -25.15571 -25.14220 -25.11722
 -25.21786 -25.21810 -25.21825 -25.21830 -25.21830 -25.21836 -25.21858 -25.21876
 -25.21888 -25.21885 -25.21875 -25.21898 -25.21964 -25.21960 -25.21967 -25.22036
 -25.22071 -25.22096 -25.22107 -25.22033 -25.21806 -25.21055 -25.19837 -25.17532
 -25.25669 -25.25667 -25.25677 -25.25710 -25.25738 -25.25755 -25.25757 -25.25751
 -25.25750 -25.25749 -25.25738 -25.25763 -25.25834 -25.25827 -25.25840 -25.25913
 -25.25907 -25.25925 -25.25991 -25.25900 -25.25671 -25.25009 -25.23869 -25.21668
 -25.31163 -25.31160 -25.31151 -25.31140 -25.31141 -25.31157 -25.31199 -25.31230
 -25.31244 -25.31242 -25.31246 -25.31237 -25.31231 -25.31295 -25.31334 -25.31320
 -25.31378 -25.31432 -25.31407 -25.31336 -25.31190 -25.30637 -25.29562 -25.27474
 -25.37966 -25.37972 -25.38009 -25.38094 -25.38154 -25.38180 -25.38153 -25.38118
 -25.38096 -25.38100 -25.38101 -25.38100 -25.38121 -25.38172 -25.38210 -25.38224
 -25.38267 -25.38319 -25.38327 -25.38234 -25.38026 -25.37487 -25.36652 -25.34845
 -25.42437 -25.42450 -25.42521 -25.42683 -25.42791 -25.42826 -25.42743 -25.42653
 -25.42604 -25.42611 -25.42608 -25.42617 -25.42667 -25.42701 -25.42735 -25.42781
 -25.42804 -25.42848 -25.42894 -25.42781 -25.42518 -25.41980 -25.41316 -25.39704
 -25.47177 -25.47196 -25.47305 -25.47548 -25.47707 -25.47750 -25.47609 -25.47462
 -25.47381 -25.47393 -25.47385 -25.47406 -25.47487 -25.47501 -25.47531 -25.47611
 -25.47612 -25.47650 -25.47735 -25.47601 -25.47280 -25.46743 -25.46261 -25.44854
 -25.52565 -25.52592 -25.52743 -25.53079 -25.53295 -25.53348 -25.53140 -25.52927
 -25.52813 -25.52829 -25.52817 -25.52850 -25.52966 -25.52959 -25.52984 -25.53103
 -25.53079 -25.53108 -25.53238 -25.53080 -25.52694 -25.52157 -25.51881 -25.50710
 -74.00000 -74.00000 -74.00000 -74.00000 -74.00000 -74.00000 -74.00000 -74.00000
 -74.00000 -74.00000 -74.00000 -74.00000 -74.00000 -74.00000 -74.00000 -74.00000
 -74.00000 -74.00000 -74.00000 -74.00000 -74.00000 -74.00000 -74.00000 -74.00000
 -74.00000 -74.00000 -74.00000 -74.00000 -74.00000 -74.00000 -74.00000 -74.00000
 -74.00000 -74.00000 -74.00000 -74.00000 -74.00000 -74.00000 -74.00000 -74.00000
 -74.00000 -74.00000 -74.00000 -74.00000 -74.00000 -74.00000 -74.00000 -74.00000
 -74.00000 -74.00000 -74.00000 -74.00000 -74.00000 -74.00000 -74.00000 -74.00000
 -74.00000 -74.00000 -74.00000 -74.00000 -74.00000 -74.00000 -74.00000 -74.00000
 -74.00000 -74.00000 -74.00000 -74.00000 -74.00000 -74.00000 -74.00000 -74.00000
 -74.00000 -74.00000 -74.00000 -74.00000 -74.00000 -74.00000 -74.00000 -74.00000
 -74.00000 -74.00000 -74.00000 -74.00000 -74.00000 -74.00000 -74.00000 -74.00000
 -74.00000 -74.00000 -74.00000 -74.00000 -74.00000 -74.00000 -74.00000 -74.00000
 -74.00000 -74.00000 -74.00000 -74.00000 -74.00000 -74.00000 -74.00000 -74.00000
 -74.00000 -74.00000 -74.00000 -74.00000 -74.00000 -74.00000 -74.00000 -74.00000
 -74.00000 -74.00000 -74.00000 -74.00000 -74.00000 -74.00000 -74.00000 -74.00000
 -74.00000 -74.00000 -74.00000 -74.00000 -74.00000 -74.00000 -74.00000 -74.00000
 -74.00000 -74.00000 -74.00000 -74.00000 -74.00000 -74.00000 -74.00000 -74.00000
 -74.00000 -74.00000 -74.00000 -74.00000 -74.00000 -74.00000 -74.00000 -74.00000
 -74.00000 -74.00000 -74.00000 -74.00000 -74.00000 -74.00000 -74.00000 -74.00000
 -74.00000 -74.00000 -74.00000 -74.00000 -74.00000 -74.00000 -74.00000 -74.00000
 -74.00000 -74.00000 -74.00000 -74.00000 -74.00000 -74.00000 -74.00000 -74.00000
 -69.08843 -69.07703 -69.06501 -69.04764 -69.03304 -69.01759 -68.99843 -68.98686
 -68.97781 -68.96420 -68.78898 -68.85480 -68.92782 -68.83748 -68.68547 -68.71106
 -68.77634 -68.77196 -68.76834 -68.77621 -68.78150 -68.78955 -68.80524 -68.83618
 -48.64967 -48.72596 -48.79348 -48.78280 -48.63406 -48.42105 -48.42815 -48.95428
 -49.91649 -50.94645 -51.11760 -51.10247 -51.07880 -51.10218 -51.13374 -51.12440
 -51.10780 -51.10747 -51.10540 -51.10227 -51.10157 -51.10160 -51.10106 -51.10338
 -43.80197 -43.80076 -43.79942 -43.79799 -43.79739 -43.79563 -43.78724 -43.77221
 -43.74221 -43.67832 -43.64547 -43.64875 -43.65468 -43.64900 -43.64068 -43.64261
 -43.64660 -43.64667 -43.64775 -43.64938 -43.65086 -43.65407 -43.65965 -43.67013
 -38.19931 -38.19824 -38.19715 -38.19627 -38.19636 -38.19561 -38.18749 -38.17148
 -38.14560 -38.10787 -38.09275 -38.09376 -38.09588 -38.09360 -38.09054 -38.09131
 -38.09287 -38.09300 -38.09332 -38.09410 -38.09512 -38.09670 -38.10014 -38.10679
 -33.82256 -33.82253 -33.82231 -33.82066 -33.81755 -33.81280 -33.80570 -33.80113
 -33.79797 -33.79568 -33.79510 -33.79487 -33.79372 -33.79367 -33.79473 -33.79475
 -33.79410 -33.79374 -33.79390 -33.79383 -33.79343 -33.79367 -33.79425 -33.79482
 -31.69512 -31.69449 -31.69399 -31.69262 -31.69031 -31.68656 -31.67980 -31.67376
 -31.66758 -31.66091 -31.65829 -31.65772 -31.65743 -31.65708 -31.65690 -31.65736
 -31.65742 -31.65692 -31.65670 -31.65645 -31.65583 -31.65513 -31.65385 -31.65057
 -29.57064 -29.57057 -29.57032 -29.56868 -29.56564 -29.56100 -29.55410 -29.54973
 -29.54673 -29.54436 -29.54331 -29.54267 -29.54249 -29.54234 -29.54195 -29.54147
 -29.54107 -29.54070 -29.54071 -29.54045 -29.53948 -29.53686 -29.53240 -29.52420
 -27.90752 -27.90711 -27.90658 -27.90488 -27.90221 -27.89824 -27.89209 -27.88762
 -27.88390 -27.88039 -27.87899 -27.87844 -27.87787 -27.87780 -27.87810 -27.87810
 -27.87805 -27.87800 -27.87708 -27.87658 -27.87610 -27.87240 -27.86721 -27.85973
 -27.21170 -27.21137 -27.21080 -27.20910 -27.20665 -27.20312 -27.19766 -27.19362
 -27.19014 -27.18678 -27.18542 -27.18494 -27.18458 -27.18420 -27.18386 -27.18405
 -27.18419 -27.18408 -27.18421 -27.18380 -27.18253 -27.18007 -27.17618 -27.17021
 -26.70673 -26.70653 -26.70625 -26.70510 -26.70309 -26.70006 -26.69545 -26.69234
 -26.68993 -26.68760 -26.68631 -26.68555 -26.68576 -26.68534 -26.68403 -26.68370
 -26.68391 -26.68407 -26.68542 -26.68566 -26.68456 -26.68339 -26.68112 -26.67771
 -26.33680 -26.33672 -26.33649 -26.33570 -26.33448 -26.33273 -26.33006 -26.32808
 -26.32634 -26.32465 -26.32401 -26.32386 -26.32367 -26.32360 -26.32357 -26.32315
 -26.32297 -26.32324 -26.32396 -26.32427 -26.32418 -26.32390 -26.32356 -26.32398
 -26.16605 -26.16601 -26.16592 -26.16554 -26.16491 -26.16397 -26.16253 -26.16141
 -26.16035 -26.15923 -26.15881 -26.15874 -26.15872 -26.15874 -26.15879 -26.15873
 -26.15880 -26.15904 -26.15930 -26.15964 -26.16014 -26.16052 -26.16108 -26.16312
 -26.01358 -26.01352 -26.01357 -26.01366 -26.01364 -26.01354 -26.01342 -26.01336
 -26.01328 -26.01313 -26.01307 -26.01310 -26.01316 -26.01326 -26.01339 -26.01351
 -26.01365 -26.01386 -26.01409 -26.01449 -26.01511 -26.01591 -26.01719 -26.02012
 -25.91066 -25.91065 -25.91063 -25.91072 -25.91097 -25.91143 -25.91230 -25.91305
 -25.91371 -25.91437 -25.91472 -25.91493 -25.91494 -25.91536 -25.91621 -25.91662
 -25.91666 -25.91685 -25.91713 -25.91744 -25.91790 -25.91884 -25.92007 -25.92251
 -25.87290 -25.87289 -25.87292 -25.87311 -25.87347 -25.87406 -25.87513 -25.87606
 -25.87692 -25.87788 -25.87844 -25.87869 -25.87839 -25.87951 -25.88187 -25.88255
 -25.88229 -25.88259 -25.88283 -25.88291 -25.88315 -25.88386 -25.88479 -25.88669
 -25.85405 -25.85408 -25.85411 -25.85428 -25.85460 -25.85514 -25.85617 -25.85711
 -25.85805 -25.85910 -25.85964 -25.85994 -25.86001 -25.86023 -25.86065 -25.86066
 -25.86065 -25.86092 -25.86111 -25.86127 -25.86144 -25.86142 -25.86322 -25.86666
 -25.84870 -25.84868 -25.84869 -25.84883 -25.84910 -25.84957 -25.85045 -25.85125
 -25.85205 -25.85293 -25.85338 -25.85362 -25.85376 -25.85380 -25.85382 -25.85391
 -25.85398 -25.85404 -25.85409 -25.85414 -25.85425 -25.85466 -25.85493 -25.85568
 -25.84909 -25.84907 -25.84908 -25.84919 -25.84940 -25.84976 -25.85045 -25.85109
 -25.85175 -25.85251 -25.85293 -25.85317 -25.85324 -25.85335 -25.85344 -25.85310
 -25.85403 -25.85602 -25.85639 -25.85597 -25.85614 -25.85646 -25.85667 -25.85712
 -25.85317 -25.85317 -25.85320 -25.85329 -25.85343 -25.85366 -25.85412 -25.85458
 -25.85508 -25.85566 -25.85595 -25.85611 -25.85622 -25.85627 -25.85627 -25.85625
 -25.85620 -25.85659 -25.85900 -25.86030 -25.86018 -25.86018 -25.86033 -25.86031
 -25.86731 -25.86731 -25.86731 -25.86734 -25.86741 -25.86752 -25.86776 -25.86800
 -25.86828 -25.86861 -25.86879 -25.86889 -25.86895 -25.86898 -25.86900 -25.86899
 -25.86904 -25.86914 -25.86921 -25.86932 -25.86935 -25.86893 -25.87001 -25.87226
 -25.88203 -25.88203 -25.88205 -25.88207 -25.88211 -25.88217 -25.88230 -25.88246
 -25.88266 -25.88289 -25.88300 -25.88305 -25.88310 -25.88309 -25.88309 -25.88326
 -25.88292 -25.88280 -25.88605 -25.88798 -25.88772 -25.88768 -25.88750 -25.88671
 -25.89707 -25.89708 -25.89709 -25.89711 -25.89713 -25.89716 -25.89723 -25.89733
 -25.89747 -25.89762 -25.89768 -25.89770 -25.89776 -25.89771 -25.89769 -25.89809
 -25.89724 -25.89679 -25.90399 -25.90822 -25.90762 -25.90804 -25.90633 -25.90184
 -25.91334 -25.91335 -25.91336 -25.91338 -25.91339 -25.91339 -25.91343 -25.91349
 -25.91358 -25.91367 -25.91370 -25.91370 -25.91376 -25.91367 -25.91365 -25.91432
 -25.91288 -25.91203 -25.92375 -25.93062 -25.92962 -25.93057 -25.92714 -25.91847
 -74.00000 -74.00000 -74.00000 -74.00000 -74.00000 -74.00000 -74.00000 -74.00000
 -74.00000 -74.00000 -74.00000 -74.00000 -74.00000 -74.00000 -74.00000 -74.00000
 -74.00000 -74.00000 -74.00000 -74.00000 -74.00000 -74.00000 -74.00000 -74.00000
 -74.00000 -74.00000 -74.00000 -74.00000 -74.00000 -74.00000 -74.00000 -74.00000
 -74.00000 -74.00000 -74.00000 -74.00000 -74.00000 -74.00000 -74.00000 -74.00000
 -74.00000 -74.00000 -74.00000 -74.00000 -74.00000 -74.00000 -74.00000 -74.00000
 -74.00000 -74.00000 -74.00000 -74.00000 -74.00000 -74.00000 -74.00000 -74.00000
 -74.00000 -74.00000 -74.00000 -74.00000 -74.00000 -74.00000 -74.00000 -74.00000
 -74.00000 -74.00000 -74.00000 -74.00000 -74.00000 -74.00000 -74.00000 -74.00000
 -74.00000 -74.00000 -74.00000 -74.00000 -74.00000 -74.00000 -74.00000 -74.00000
 -74.00000 -74.00000 -74.00000 -74.00000 -74.00000 -74.00000 -74.00000 -74.00000
 -74.00000 -74.00000 -74.00000 -74.00000 -74.00000 -74.00000 -74.00000 -74.00000
 -74.00000 -74.00000 -74.00000 -74.00000 -74.00000 -74.00000 -74.00000 -74.00000
 -74.00000 -74.00000 -74.00000 -74.00000 -74.00000 -74.00000 -74.00000 -74.00000
 -74.00000 -74.00000 -74.00000 -74.00000 -74.00000 -74.00000 -74.00000 -74.00000
 -74.00000 -74.00000 -74.00000 -74.00000 -74.00000 -74.00000 -74.00000 -74.00000
 -74.00000 -74.00000 -74.00000 -74.00000 -74.00000 -74.00000 -74.00000 -74.00000
 -74.00000 -74.00000 -74.00000 -74.00000 -74.00000 -74.00000 -74.00000 -74.00000
 -74.00000 -74.00000 -74.00000 -74.00000 -74.00000 -74.00000 -74.00000 -74.00000
 -74.00000 -74.00000 -74.00000 -74.00000 -74.00000 -74.00000 -74.00000 -74.00000
 -74.00000 -74.00000 -74.00000 -74.00000 -74.00000 -74.00000 -74.00000 -74.00000
 -74.00000 -74.00000 -74.00000 -74.00000 -74.00000 -74.00000 -74.00000 -74.00000
 -74.00000 -74.00000 -74.00000 -74.00000 -74.00000 -74.00000 -74.00000 -74.00000
 -74.00000 -74.00000 -74.00000 -74.00000 -74.00000 -74.00000 -74.00000 -74.00000
 -74.00000 -74.00000 -74.00000 -74.00000 -74.00000 -74.00000 -70.55122 -64.24701
 -58.36922 -54.66129 -54.83887 -55.94982 -56.52041 -56.33930 -56.34530 -56.38401
 -56.37085 -56.37121 -56.37398 -56.37304 -56.37307 -56.37326 -56.37320 -56.37320
 -44.02280 -44.08140 -44.04315 -43.73427 -43.51587 -43.66348 -44.88790 -46.34871
 -47.71070 -48.56989 -48.52874 -48.27131 -48.13910 -48.18107 -48.17968 -48.17071
 -48.17375 -48.17367 -48.17303 -48.17325 -48.17324 -48.17319 -48.17321 -48.17321
 -42.07295 -42.05885 -42.06805 -42.14235 -42.19488 -42.15937 -41.86487 -41.51352
 -41.18593 -40.97928 -40.98917 -41.05109 -41.08289 -41.07280 -41.07313 -41.07529
 -41.07455 -41.07457 -41.07473 -41.07468 -41.07468 -41.07469 -41.07469 -41.07469
 -36.04852 -36.04637 -36.04777 -36.05908 -36.06708 -36.06168 -36.01684 -35.96335
 -35.91348 -35.88202 -35.88353 -35.89296 -35.89780 -35.89626 -35.89631 -35.89664
 -35.89653 -35.89653 -35.89656 -35.89655 -35.89655 -35.89655 -35.89655 -35.89655
 -33.19970 -33.20127 -33.20024 -33.19201 -33.18618 -33.19012 -33.22277 -33.26173
 -33.29805 -33.32097 -33.31987 -33.31300 -33.30948 -33.31060 -33.31056 -33.31032
 -33.31040 -33.31040 -33.31038 -33.31039 -33.31039 -33.31039 -33.31038 -33.31038
 -30.72400 -30.72383 -30.72394 -30.72479 -30.72540 -30.72499 -30.72161 -30.71757
 -30.71381 -30.71144 -30.71155 -30.71226 -30.71263 -30.71251 -30.71252 -30.71254
 -30.71253 -30.71253 -30.71253 -30.71253 -30.71253 -30.71254 -30.71255 -30.71255
 -28.66040 -28.66035 -28.66038 -28.66062 -28.66078 -28.66067 -28.65975 -28.65866
 -28.65763 -28.65699 -28.65702 -28.65721 -28.65731 -28.65728 -28.65728 -28.65729
 -28.65729 -28.65729 -28.65729 -28.65728 -28.65727 -28.65736 -28.65742 -28.65741
 -27.78359 -27.78361 -27.78360 -27.78349 -27.78341 -27.78346 -27.78389 -27.78440
 -27.78488 -27.78518 -27.78516 -27.78507 -27.78502 -27.78504 -27.78504 -27.78504
 -27.78503 -27.78503 -27.78505 -27.78502 -27.78498 -27.78527 -27.78554 -27.78555
 -27.13731 -27.13731 -27.13731 -27.13734 -27.13736 -27.13735 -27.13725 -27.13712
 -27.13701 -27.13694 -27.13694 -27.13697 -27.13698 -27.13697 -27.13697 -27.13697
 -27.13698 -27.13698 -27.13698 -27.13698 -27.13699 -27.13694 -27.13692 -27.13695
 -26.64920 -26.64920 -26.64920 -26.64921 -26.64921 -26.64922 -26.64920 -26.64918
 -26.64916 -26.64915 -26.64915 -26.64916 -26.64916 -26.64916 -26.64916 -26.64916
 -26.64916 -26.64917 -26.64917 -26.64916 -26.64917 -26.64916 -26.64918 -26.64920
 -26.41513 -26.41513 -26.41512 -26.41510 -26.41508 -26.41506 -26.41508 -26.41510
 -26.41512 -26.41513 -26.41511 -26.41509 -26.41508 -26.41509 -26.41509 -26.41510
 -26.41508 -26.41504 -26.41505 -26.41507 -26.41505 -26.41504 -26.41497 -26.41487
 -26.18212 -26.18210 -26.18213 -26.18232 -26.18254 -26.18271 -26.18277 -26.18272
 -26.18269 -26.18282 -26.18303 -26.18322 -26.18329 -26.18327 -26.18326 -26.18320
 -26.18334 -26.18373 -26.18382 -26.18381 -26.18413 -26.18459 -26.18503 -26.18569
 -25.98541 -25.98599 -25.98649 -25.98681 -25.98684 -25.98683 -25.98695 -25.98719
 -25.98747 -25.98785 -25.98808 -25.98825 -25.98832 -25.98828 -25.98838 -25.98962
 -25.99050 -25.99052 -25.99111 -25.99188 -25.99241 -25.99386 -25.99556 -25.99747
 -25.91465 -25.91573 -25.91686 -25.91786 -25.91816 -25.91822 -25.91813 -25.91802
 -25.91789 -25.91775 -25.91769 -25.91771 -25.91785 -25.91763 -25.91732 -25.91933
 -25.92135 -25.92190 -25.92173 -25.92126 -25.92088 -25.92307 -25.92586 -25.92813
 -25.86871 -25.86838 -25.86833 -25.86912 -25.87022 -25.87134 -25.87221 -25.87237
 -25.87232 -25.87220 -25.87216 -25.87214 -25.87211 -25.87221 -25.87233 -25.87165
 -25.87201 -25.87406 -25.87565 -25.87540 -25.87512 -25.87702 -25.87924 -25.88078
 -25.84286 -25.84287 -25.84282 -25.84263 -25.84253 -25.84270 -25.84367 -25.84477
 -25.84575 -25.84628 -25.84616 -25.84591 -25.84583 -25.84589 -25.84588 -25.84593
 -25.84572 -25.84555 -25.84778 -25.84924 -25.84881 -25.85064 -25.85241 -25.85217
 -25.83625 -25.83627 -25.83628 -25.83625 -25.83620 -25.83614 -25.83608 -25.83616
 -25.83651 -25.83755 -25.83855 -25.83930 -25.83934 -25.83908 -25.83908 -25.83917
 -25.83917 -25.83913 -25.83928 -25.84010 -25.84157 -25.84254 -25.84305 -25.84434
 -25.83793 -25.83793 -25.83794 -25.83794 -25.83795 -25.83798 -25.83811 -25.83819
 -25.83810 -25.83757 -25.83725 -25.83762 -25.83988 -25.84136 -25.84133 -25.84107
 -25.84116 -25.84111 -25.84062 -25.84134 -25.84348 -25.84408 -25.84412 -25.84604
 -25.85320 -25.85315 -25.85296 -25.85301 -25.85328 -25.85359 -25.85377 -25.85375
 -25.85369 -25.85371 -25.85378 -25.85379 -25.85360 -25.85351 -25.85356 -25.85331
 -25.85375 -25.85530 -25.85674 -25.85669 -25.85637 -25.85802 -25.85941 -25.85949
 -25.86555 -25.86539 -25.86555 -25.86651 -25.86759 -25.86860 -25.86927 -25.86927
 -25.86907 -25.86886 -25.86883 -25.86888 -25.86901 -25.86905 -25.86903 -25.86914
 -25.86895 -25.86866 -25.87065 -25.87250 -25.87264 -25.87154 -25.87193 -25.87431
 -25.88736 -25.88741 -25.88735 -25.88703 -25.88668 -25.88635 -25.88613 -25.88613
 -25.88619 -25.88628 -25.88631 -25.88628 -25.88618 -25.88622 -25.88631 -25.88575
 -25.88671 -25.88966 -25.89045 -25.88943 -25.88946 -25.88946 -25.89027 -25.89231
 -25.91346 -25.91380 -25.91339 -25.91128 -25.90894 -25.90677 -25.90532 -25.90530
 -25.90574 -25.90626 -25.90638 -25.90625 -25.90576 -25.90575 -25.90601 -25.90452
 -25.90708 -25.91453 -25.91370 -25.90864 -25.90844 -25.91035 -25.91186 -25.91306
C-------------------------------------------------------------------------------
C
C     RADIATED POWERS IN UNITS OF W CM**3 
C     ----------------------------------- 
C
C     INPUT DATA
C         FOR YEAR: 96 AND WITH PREFIX: pj
C         FOR c  RECOMBINING ION CHARGE(S)  1 TO  6
C
C     CODE     : ADAS404
C     PRODUCER : Martin O'Mullane              
C     DATE     : 04/11/99
C
C-------------------------------------------------------------------------------
 
C---------------------------------------------------------------------------------
C ADAS ADF11 DATA - SCCS info: @(#)$Header: /home/adascvs/adas/adf11/plt96/plt96_c.dat,v 2.1 2004/07/07 00:06:15 whitefor Exp $ Date $Date: 2004/07/07 00:06:15 $
C---------------------------------------------------------------------------------

C-----------------------------------------------------------------------
C                               OPEN-ADAS
C                               +++++++++
C
C This file has been downloaded from OPEN-ADAS (http://open.adas.ac.uk)
C on 23-Apr-2020.
C
C TERMS AND CONDITIONS
C --------------------
C
C The user of the OPEN-ADAS system and data (hereinafter "the User")
C accepts the following terms and conditions:
C
C   1. The University of Strathclyde uses all reasonable endeavours to
C      ensure the accuracy of the data provided and any information
C      given, but the University makes no warranty, expressed or implied
C      as to its accuracy, integrity, fitness for purpose and shall not
C      be responsible for the use to which the data is put by the User
C      and/or any consequences arising out of any inaccuracies or
C      omissions.
C
C   2. Any downloaded OPEN-ADAS file is made available for the
C      personal use of the User only.  It must not be used for any
C      commercial application, incorporated into any web site or in
C      any form re-distributed without express prior written permission
C      from the ADAS Project. In particular, but not by way of
C      limitation, it must not be:
C        *  inserted into a managed database structure,
C        *  redistributed along with a modelling or analysis code,
C        *  made available on a public website.
C
C Permission for OPEN-ADAS data incorporation in non-commercial
C code/system development for scientific advance will not be
C unreasonably withheld, but will be subject to written agreement
C on a case by case basis.
C
C The User will indemnify the University of Strathclyde and keep it
C fully and effectively indemnified against each and every claim made
C against the University as a result of the User's use of the data.
C
C-----------------------------------------------------------------------
