    4   24   25
   4.00000   4.47712   5.00000   5.47712   6.00000   6.47712   7.00000   7.47712
   8.00000   8.47712   9.00000   9.47712  10.00000  10.47712  11.00000  11.47712
  12.00000  12.47712  13.00000  13.47712  14.00000  14.47712  15.00000  15.47712
  -0.69877  -0.52268  -0.30083  -0.15470   0.07938   0.30123   0.47732   0.65341
   0.84530   1.04159   1.25547   1.44736   1.65341   1.84530   2.00020   2.23065
   2.43157   2.63367   2.82628   3.02139   3.21690   3.39814   3.60766   3.79954
   4.00020
 -29.75762 -29.75387 -29.74857 -29.74278 -29.73403 -29.72316 -29.70936 -29.69124
 -29.66270 -29.63088 -29.58623 -29.53459 -29.45857 -29.37178 -29.25294 -29.11874
 -28.93058 -28.71580 -28.43471 -28.13389 -27.77523 -27.46569 -27.22003 -27.01802
 -29.88200 -29.87963 -29.87710 -29.87324 -29.86671 -29.85874 -29.84908 -29.83826
 -29.81796 -29.79664 -29.76758 -29.73125 -29.68005 -29.61812 -29.53564 -29.43826
 -29.30218 -29.14520 -28.93271 -28.69559 -28.40148 -28.12381 -27.89095 -27.69684
 -29.80629 -29.81238 -29.81903 -29.82485 -29.82979 -29.83222 -29.83386 -29.83466
 -29.83189 -29.82528 -29.81760 -29.80506 -29.78485 -29.75860 -29.72187 -29.67402
 -29.60507 -29.52128 -29.39999 -29.25755 -29.05899 -28.85876 -28.69458 -28.55955
 -29.41985 -29.43598 -29.45339 -29.46977 -29.48709 -29.50090 -29.51311 -29.52334
 -29.53490 -29.54270 -29.55032 -29.55415 -29.55613 -29.55435 -29.54756 -29.53627
 -29.51383 -29.48363 -29.43398 -29.36979 -29.26802 -29.16035 -29.07379 -29.00336
 -28.82514 -28.84728 -28.87113 -28.89266 -28.91577 -28.93510 -28.95205 -28.96948
 -28.98384 -28.99879 -29.01457 -29.02665 -29.03875 -29.04930 -29.05793 -29.06409
 -29.06877 -29.07052 -29.06965 -29.06633 -29.05859 -29.04933 -29.04279 -29.03784
 -28.59944 -28.62123 -28.64512 -28.66879 -28.69409 -28.71356 -28.73172 -28.75001
 -28.76972 -28.78715 -28.80295 -28.81518 -28.83091 -28.83981 -28.85043 -28.85697
 -28.86091 -28.86430 -28.86810 -28.86840 -28.87020 -28.87060 -28.86800 -28.86499
 -28.57802 -28.60068 -28.62475 -28.64742 -28.67229 -28.69352 -28.71361 -28.73153
 -28.75051 -28.76754 -28.78475 -28.79925 -28.81180 -28.82074 -28.83224 -28.83797
 -28.84472 -28.84781 -28.85082 -28.85057 -28.85291 -28.85390 -28.85450 -28.85509
 -28.64717 -28.67002 -28.69491 -28.71833 -28.74394 -28.76559 -28.78564 -28.80438
 -28.82345 -28.84084 -28.85612 -28.87116 -28.88439 -28.89404 -28.90384 -28.91097
 -28.91780 -28.92129 -28.92478 -28.92494 -28.92497 -28.92840 -28.92833 -28.92705
 -28.79450 -28.81679 -28.84111 -28.86540 -28.89195 -28.91306 -28.93267 -28.95188
 -28.97025 -28.98816 -29.00680 -29.01918 -29.03485 -29.04411 -29.05294 -29.06121
 -29.06652 -29.06977 -29.07235 -29.07373 -29.07531 -29.07572 -29.07604 -29.07638
 -28.99441 -29.01672 -29.04036 -29.06373 -29.09003 -29.11230 -29.13257 -29.15031
 -29.17108 -29.18817 -29.20489 -29.21890 -29.23347 -29.24456 -29.25387 -29.26127
 -29.26593 -29.27006 -29.27206 -29.27385 -29.27477 -29.27562 -29.27591 -29.27599
 -29.24336 -29.26595 -29.28975 -29.31233 -29.33805 -29.36097 -29.38134 -29.39841
 -29.41852 -29.43613 -29.45328 -29.46758 -29.48103 -29.49238 -29.50292 -29.50940
 -29.51476 -29.51748 -29.52021 -29.52161 -29.52293 -29.52436 -29.52438 -29.52399
 -29.48126 -29.50356 -29.52742 -29.55007 -29.57454 -29.59527 -29.61615 -29.63261
 -29.65339 -29.66905 -29.68608 -29.69976 -29.71353 -29.72388 -29.73403 -29.74078
 -29.74493 -29.74954 -29.75199 -29.75398 -29.75377 -29.75646 -29.75641 -29.75536
 -29.73737 -29.75791 -29.77935 -29.80034 -29.82354 -29.84337 -29.86353 -29.87874
 -29.89756 -29.91090 -29.92780 -29.94184 -29.95279 -29.96400 -29.97166 -29.97935
 -29.98339 -29.98729 -29.99121 -29.99131 -29.99145 -29.99527 -29.99535 -29.99412
 -29.95694 -29.97512 -29.99396 -30.01199 -30.03332 -30.05277 -30.06836 -30.08197
 -30.09693 -30.11064 -30.12397 -30.13476 -30.14590 -30.15446 -30.16254 -30.16818
 -30.17250 -30.17571 -30.17787 -30.17971 -30.18118 -30.18179 -30.18224 -30.18263
 -30.10807 -30.12419 -30.14062 -30.15538 -30.17196 -30.18717 -30.20110 -30.21244
 -30.22473 -30.23529 -30.24645 -30.25524 -30.26428 -30.27087 -30.27765 -30.28240
 -30.28584 -30.28888 -30.29078 -30.29246 -30.29381 -30.29483 -30.29459 -30.29404
 -30.26498 -30.27577 -30.28670 -30.29647 -30.30687 -30.31596 -30.32518 -30.33179
 -30.33946 -30.34627 -30.35224 -30.35823 -30.36332 -30.36742 -30.37157 -30.37469
 -30.37679 -30.37890 -30.37993 -30.38103 -30.38207 -30.38211 -30.38313 -30.38438
 -30.32288 -30.32885 -30.33481 -30.34026 -30.34633 -30.35186 -30.35736 -30.36107
 -30.36469 -30.36842 -30.37122 -30.37393 -30.37687 -30.37992 -30.38181 -30.38260
 -30.38474 -30.38570 -30.38674 -30.38665 -30.38770 -30.38776 -30.38755 -30.38739
 -30.36693 -30.36806 -30.36897 -30.37012 -30.37233 -30.37501 -30.37654 -30.37769
 -30.37724 -30.37784 -30.37792 -30.37688 -30.37812 -30.38058 -30.38025 -30.37827
 -30.38088 -30.38078 -30.38163 -30.38058 -30.38154 -30.38219 -30.37979 -30.37688
 -30.40890 -30.40543 -30.40153 -30.39858 -30.39711 -30.39707 -30.39481 -30.39353
 -30.38920 -30.38682 -30.38431 -30.37968 -30.37931 -30.38120 -30.37877 -30.37415
 -30.37720 -30.37609 -30.37677 -30.37480 -30.37567 -30.37688 -30.37240 -30.36687
 -30.45143 -30.44329 -30.43451 -30.42741 -30.42221 -30.41942 -30.41333 -30.40958
 -30.40131 -30.39592 -30.39078 -30.38253 -30.38051 -30.38182 -30.37727 -30.36997
 -30.37347 -30.37133 -30.37184 -30.36894 -30.36972 -30.37151 -30.36491 -30.35673
 -30.49404 -30.48122 -30.46756 -30.45630 -30.44735 -30.44181 -30.43188 -30.42565
 -30.41345 -30.40503 -30.39726 -30.38537 -30.38172 -30.38245 -30.37577 -30.36579
 -30.36974 -30.36657 -30.36690 -30.36306 -30.36376 -30.36612 -30.35741 -30.34657
 -30.53354 -30.51638 -30.49820 -30.48308 -30.47067 -30.46257 -30.44909 -30.44056
 -30.42471 -30.41348 -30.40327 -30.38801 -30.38284 -30.38304 -30.37438 -30.36191
 -30.36628 -30.36216 -30.36232 -30.35762 -30.35823 -30.36113 -30.35045 -30.33715
 -30.57920 -30.55703 -30.53361 -30.51404 -30.49762 -30.48657 -30.46897 -30.45779
 -30.43772 -30.42324 -30.41022 -30.39106 -30.38413 -30.38371 -30.37277 -30.35743
 -30.36227 -30.35706 -30.35703 -30.35133 -30.35185 -30.35536 -30.34241 -30.32627
 -30.62102 -30.59426 -30.56605 -30.54239 -30.52230 -30.50855 -30.48718 -30.47357
 -30.44963 -30.43219 -30.41658 -30.39386 -30.38532 -30.38433 -30.37130 -30.35332
 -30.35861 -30.35238 -30.35219 -30.34557 -30.34600 -30.35008 -30.33504 -30.31629
 -30.66475 -30.63319 -30.59997 -30.57204 -30.54812 -30.53154 -30.50622 -30.49007
 -30.46209 -30.44154 -30.42324 -30.39678 -30.38656 -30.38498 -30.36975 -30.34903
 -30.35477 -30.34750 -30.34712 -30.33954 -30.33988 -30.34455 -30.32734 -30.30586
 -28.94611 -28.94071 -28.93421 -28.92664 -28.91548 -28.90167 -28.87978 -28.85105
 -28.81340 -28.77705 -28.72049 -28.64542 -28.53896 -28.41855 -28.25846 -28.07768
 -27.82125 -27.53800 -27.17548 -26.79706 -26.35096 -25.92993 -25.47747 -25.09667
 -29.06802 -29.06485 -29.06047 -29.05526 -29.04762 -29.03820 -29.02360 -29.00495
 -28.97994 -28.95429 -28.91495 -28.86221 -28.78739 -28.70315 -28.58808 -28.45411
 -28.26287 -28.04754 -27.76676 -27.46560 -27.08681 -26.70924 -26.27877 -25.90063
 -29.22098 -29.21910 -29.21659 -29.21373 -29.20951 -29.20406 -29.19532 -29.18398
 -29.16901 -29.15400 -29.12912 -29.09742 -29.05093 -28.99777 -28.92212 -28.83566
 -28.70928 -28.56475 -28.37083 -28.15363 -27.87024 -27.56866 -27.20386 -26.85796
 -29.32182 -29.32067 -29.31928 -29.31750 -29.31448 -29.31032 -29.30402 -29.29661
 -29.28659 -29.27529 -29.25749 -29.23473 -29.20171 -29.16289 -29.10953 -29.04421
 -28.94993 -28.84342 -28.69660 -28.52980 -28.30530 -28.06393 -27.75850 -27.45980
 -29.48169 -29.48123 -29.48091 -29.48005 -29.47841 -29.47645 -29.47321 -29.46855
 -29.46227 -29.45630 -29.44683 -29.43489 -29.41517 -29.39354 -29.36221 -29.32364
 -29.26830 -29.20465 -29.11596 -29.01376 -28.87174 -28.71587 -28.51466 -28.30426
 -29.62939 -29.62934 -29.62943 -29.62881 -29.62763 -29.62675 -29.62529 -29.62245
 -29.61901 -29.61694 -29.61036 -29.60351 -29.59334 -29.58176 -29.56429 -29.54148
 -29.50999 -29.47361 -29.42107 -29.36153 -29.27909 -29.18703 -29.06616 -28.93603
 -29.74085 -29.74092 -29.74088 -29.74069 -29.74017 -29.73934 -29.73814 -29.73697
 -29.73526 -29.73290 -29.72953 -29.72556 -29.72029 -29.71256 -29.70185 -29.68794
 -29.66980 -29.64677 -29.61561 -29.57866 -29.52852 -29.47295 -29.39944 -29.32071
 -29.84426 -29.84415 -29.84418 -29.84458 -29.84461 -29.84323 -29.84109 -29.84011
 -29.84001 -29.83963 -29.83627 -29.83617 -29.83294 -29.82881 -29.82187 -29.81445
 -29.80328 -29.79233 -29.77357 -29.75252 -29.72447 -29.69312 -29.65497 -29.61276
 -29.93865 -29.93865 -29.93865 -29.93865 -29.93865 -29.93868 -29.93874 -29.93885
 -29.93881 -29.93862 -29.93922 -29.93570 -29.93526 -29.93248 -29.92860 -29.92512
 -29.92188 -29.91585 -29.90599 -29.89627 -29.88374 -29.87186 -29.85430 -29.83940
 -30.00450 -30.00447 -30.00449 -30.00455 -30.00453 -30.00430 -30.00399 -30.00392
 -30.00392 -30.00362 -30.00293 -30.00334 -30.00313 -30.00387 -30.00009 -29.99992
 -29.99621 -29.99608 -29.99363 -29.98985 -29.98674 -29.98376 -29.97765 -29.97313
 -29.85155 -29.85159 -29.85155 -29.85154 -29.85155 -29.85154 -29.85155 -29.85165
 -29.85176 -29.85176 -29.85181 -29.85170 -29.85190 -29.85186 -29.85201 -29.85194
 -29.85232 -29.85228 -29.85236 -29.85221 -29.85555 -29.85606 -29.85924 -29.86031
 -29.44334 -29.44377 -29.44386 -29.44384 -29.44381 -29.44379 -29.44398 -29.44459
 -29.44544 -29.44588 -29.44585 -29.44604 -29.44743 -29.44808 -29.44795 -29.44814
 -29.44913 -29.44966 -29.44967 -29.45128 -29.45387 -29.45613 -29.45902 -29.46420
 -29.13626 -29.13631 -29.13649 -29.13660 -29.13680 -29.13724 -29.13781 -29.13813
 -29.13853 -29.13921 -29.13961 -29.14010 -29.14107 -29.14172 -29.14205 -29.14268
 -29.14286 -29.14330 -29.14385 -29.14537 -29.14725 -29.14922 -29.15300 -29.15684
 -29.03531 -29.03540 -29.03533 -29.03539 -29.03564 -29.03596 -29.03642 -29.03702
 -29.03773 -29.03823 -29.03859 -29.03948 -29.03995 -29.04074 -29.04124 -29.04156
 -29.04189 -29.04201 -29.04276 -29.04362 -29.04496 -29.04677 -29.04988 -29.05354
 -29.04603 -29.04613 -29.04606 -29.04609 -29.04632 -29.04671 -29.04718 -29.04750
 -29.04799 -29.04888 -29.04943 -29.04983 -29.05069 -29.05119 -29.05195 -29.05238
 -29.05267 -29.05277 -29.05349 -29.05434 -29.05518 -29.05622 -29.05898 -29.06258
 -29.15125 -29.15120 -29.15115 -29.15131 -29.15163 -29.15188 -29.15215 -29.15257
 -29.15320 -29.15381 -29.15439 -29.15493 -29.15551 -29.15605 -29.15660 -29.15710
 -29.15752 -29.15791 -29.15795 -29.15860 -29.15979 -29.16056 -29.16342 -29.16637
 -29.27853 -29.27866 -29.27851 -29.27836 -29.27835 -29.27852 -29.27903 -29.27980
 -29.28043 -29.28032 -29.28106 -29.28157 -29.28235 -29.28297 -29.28309 -29.28347
 -29.28431 -29.28416 -29.28434 -29.28486 -29.28602 -29.28732 -29.28927 -29.29209
 -29.39365 -29.39397 -29.39443 -29.39447 -29.39426 -29.39421 -29.39450 -29.39509
 -29.39569 -29.39578 -29.39584 -29.39649 -29.39710 -29.39687 -29.39811 -29.39800
 -29.39820 -29.39811 -29.39891 -29.39953 -29.39987 -29.40022 -29.40284 -29.40494
 -29.46148 -29.46142 -29.46149 -29.46197 -29.46261 -29.46278 -29.46268 -29.46273
 -29.46277 -29.46261 -29.46366 -29.46400 -29.46391 -29.46394 -29.46384 -29.46491
 -29.46512 -29.46498 -29.46479 -29.46559 -29.46635 -29.46678 -29.46723 -29.46918
 -29.47654 -29.47657 -29.47657 -29.47650 -29.47644 -29.47651 -29.47649 -29.47613
 -29.47623 -29.47756 -29.47777 -29.47769 -29.47771 -29.47769 -29.47770 -29.47760
 -29.47758 -29.47739 -29.47856 -29.47867 -29.47804 -29.47862 -29.47944 -29.48050
 -29.48002 -29.48060 -29.48100 -29.48004 -29.47846 -29.47808 -29.47822 -29.47761
 -29.47823 -29.48180 -29.47987 -29.47988 -29.48022 -29.47996 -29.48095 -29.47866
 -29.47801 -29.47766 -29.48137 -29.48061 -29.47784 -29.47803 -29.48045 -29.48045
 -29.48359 -29.48468 -29.48546 -29.48366 -29.48067 -29.47987 -29.48016 -29.47931
 -29.48042 -29.48606 -29.48214 -29.48224 -29.48287 -29.48238 -29.48428 -29.47997
 -29.47873 -29.47823 -29.48427 -29.48267 -29.47788 -29.47763 -29.48147 -29.48046
 -29.48801 -29.48969 -29.49089 -29.48813 -29.48350 -29.48222 -29.48268 -29.48156
 -29.48323 -29.49127 -29.48505 -29.48524 -29.48622 -29.48547 -29.48840 -29.48174
 -29.47982 -29.47913 -29.48787 -29.48529 -29.47811 -29.47731 -29.48273 -29.48051
 -29.49222 -29.49445 -29.49604 -29.49240 -29.48626 -29.48454 -29.48515 -29.48379
 -29.48597 -29.49621 -29.48789 -29.48816 -29.48945 -29.48846 -29.49234 -29.48353
 -29.48098 -29.48012 -29.49132 -29.48783 -29.47843 -29.47709 -29.48393 -29.48060
 -29.49674 -29.49954 -29.50154 -29.49697 -29.48925 -29.48708 -29.48785 -29.48623
 -29.48895 -29.50148 -29.49095 -29.49131 -29.49293 -29.49169 -29.49656 -29.48551
 -29.48230 -29.48125 -29.49502 -29.49058 -29.47885 -29.47692 -29.48522 -29.48070
 -27.80431 -27.80401 -27.79783 -27.78643 -27.77067 -27.75799 -27.74462 -27.72148
 -27.67738 -27.62504 -27.55908 -27.49188 -27.40023 -27.27937 -27.10030 -26.90041
 -26.63931 -26.35575 -25.97448 -25.55181 -25.05026 -24.65633 -24.18841 -23.74427
 -27.92151 -27.92127 -27.91649 -27.90812 -27.89677 -27.88672 -27.87484 -27.85632
 -27.82308 -27.78273 -27.73015 -27.67673 -27.60385 -27.50753 -27.36536 -27.20476
 -26.99489 -26.76441 -26.45022 -26.09922 -25.66658 -25.27265 -24.80473 -24.36059
 -28.06925 -28.06909 -28.06604 -28.06137 -28.05534 -28.04858 -28.03876 -28.02606
 -28.00613 -27.98062 -27.94485 -27.90864 -27.85909 -27.79340 -27.69715 -27.58553
 -27.43921 -27.27480 -27.04451 -26.78309 -26.44255 -26.08415 -25.64824 -25.22180
 -28.16729 -28.16717 -28.16506 -28.16173 -28.15732 -28.15243 -28.14543 -28.13631
 -28.12195 -28.10380 -28.07837 -28.05183 -28.01492 -27.96640 -27.89476 -27.81044
 -27.69716 -27.56898 -27.38757 -27.17860 -26.90366 -26.60866 -26.23606 -25.85229
 -28.32523 -28.32515 -28.32385 -28.32213 -28.32014 -28.31742 -28.31284 -28.30733
 -28.29944 -28.28926 -28.27429 -28.25819 -28.23565 -28.20564 -28.16092 -28.10846
 -28.03794 -27.95484 -27.83281 -27.69457 -27.50780 -27.30141 -27.02765 -26.73330
 -28.47650 -28.47645 -28.47551 -28.47445 -28.47356 -28.47238 -28.47009 -28.46686
 -28.46187 -28.45582 -28.44725 -28.43719 -28.42316 -28.40565 -28.37780 -28.34469
 -28.29976 -28.24576 -28.16747 -28.07610 -27.95220 -27.81245 -27.62313 -27.41462
 -28.59739 -28.59738 -28.59713 -28.59656 -28.59562 -28.59465 -28.59334 -28.59120
 -28.58757 -28.58368 -28.57866 -28.57184 -28.56205 -28.55051 -28.53190 -28.50991
 -28.47888 -28.44192 -28.38769 -28.32430 -28.23666 -28.13593 -27.99992 -27.84886
 -28.71736 -28.71737 -28.71749 -28.71734 -28.71667 -28.71589 -28.71493 -28.71367
 -28.71149 -28.70844 -28.70419 -28.70063 -28.69494 -28.68632 -28.67543 -28.66129
 -28.63983 -28.61423 -28.57774 -28.53397 -28.47423 -28.40437 -28.30788 -28.20141
 -28.84636 -28.84634 -28.84621 -28.84650 -28.84717 -28.84669 -28.84466 -28.84334
 -28.84328 -28.84283 -28.84079 -28.83801 -28.83433 -28.82966 -28.82134 -28.81193
 -28.79946 -28.78276 -28.76022 -28.73230 -28.69253 -28.64697 -28.58390 -28.51370
 -28.97590 -28.97594 -28.97627 -28.97548 -28.97303 -28.97126 -28.97102 -28.97161
 -28.97200 -28.97106 -28.96863 -28.96706 -28.96742 -28.96602 -28.96111 -28.95577
 -28.94657 -28.93772 -28.92312 -28.90745 -28.88357 -28.85421 -28.81499 -28.77178
 -29.05949 -29.05949 -29.05946 -29.05956 -29.05993 -29.06047 -29.06107 -29.06113
 -29.06067 -29.06064 -29.06121 -29.06103 -29.05932 -29.05855 -29.05775 -29.05546
 -29.05392 -29.04957 -29.04400 -29.03635 -29.02655 -29.01242 -28.99162 -28.97151
 -28.83331 -28.83332 -28.83334 -28.83309 -28.83282 -28.83381 -28.83638 -28.83804
 -28.83849 -28.83986 -28.84331 -28.84614 -28.84750 -28.85092 -28.85701 -28.86133
 -28.86824 -28.87169 -28.87619 -28.88127 -28.88609 -28.88747 -28.88630 -28.88487
 -28.38569 -28.38569 -28.38582 -28.38621 -28.38701 -28.38806 -28.38950 -28.39103
 -28.39321 -28.39639 -28.40127 -28.40601 -28.41185 -28.41859 -28.42809 -28.43901
 -28.45085 -28.46264 -28.47580 -28.48779 -28.50129 -28.51362 -28.52516 -28.53387
 -28.15657 -28.15659 -28.15696 -28.15742 -28.15794 -28.15882 -28.16040 -28.16213
 -28.16451 -28.16797 -28.17336 -28.17862 -28.18493 -28.19249 -28.20255 -28.21399
 -28.22783 -28.24073 -28.25642 -28.27039 -28.28588 -28.29898 -28.31310 -28.32469
 -28.09797 -28.09797 -28.09811 -28.09851 -28.09927 -28.10017 -28.10145 -28.10317
 -28.10594 -28.10936 -28.11423 -28.11981 -28.12656 -28.13374 -28.14453 -28.15616
 -28.17029 -28.18393 -28.19964 -28.21426 -28.23082 -28.24498 -28.25917 -28.27171
 -28.15536 -28.15540 -28.15603 -28.15671 -28.15724 -28.15800 -28.15944 -28.16113
 -28.16343 -28.16648 -28.17128 -28.17695 -28.18386 -28.19068 -28.20054 -28.21224
 -28.22683 -28.24025 -28.25596 -28.27122 -28.28728 -28.30198 -28.31713 -28.32940
 -28.29279 -28.29281 -28.29322 -28.29385 -28.29463 -28.29537 -28.29641 -28.29802
 -28.30071 -28.30358 -28.30738 -28.31263 -28.31980 -28.32620 -28.33530 -28.34687
 -28.36101 -28.37404 -28.38925 -28.40404 -28.42027 -28.43368 -28.44895 -28.46127
 -28.47074 -28.47076 -28.47122 -28.47183 -28.47245 -28.47303 -28.47392 -28.47544
 -28.47799 -28.48056 -28.48376 -28.48834 -28.49471 -28.50092 -28.50954 -28.51912
 -28.53226 -28.54451 -28.55800 -28.57148 -28.58627 -28.59951 -28.61415 -28.62505
 -28.64447 -28.64444 -28.64402 -28.64412 -28.64525 -28.64651 -28.64765 -28.64869
 -28.65016 -28.65212 -28.65526 -28.65927 -28.66470 -28.66982 -28.67674 -28.68589
 -28.69686 -28.70700 -28.71843 -28.72950 -28.74326 -28.75450 -28.76633 -28.77485
 -28.79130 -28.79140 -28.79291 -28.79432 -28.79465 -28.79442 -28.79425 -28.79463
 -28.79598 -28.79819 -28.80152 -28.80477 -28.80813 -28.81076 -28.81532 -28.82228
 -28.83084 -28.83900 -28.84738 -28.85675 -28.86562 -28.87509 -28.88298 -28.88989
 -28.88435 -28.88435 -28.88418 -28.88381 -28.88355 -28.88439 -28.88648 -28.88762
 -28.88730 -28.88715 -28.88844 -28.89096 -28.89448 -28.89762 -28.90105 -28.90386
 -28.90807 -28.91488 -28.92074 -28.92396 -28.93217 -28.93703 -28.94194 -28.94821
 -28.91828 -28.91829 -28.91845 -28.91863 -28.91868 -28.91846 -28.91791 -28.91725
 -28.91698 -28.91837 -28.92112 -28.92122 -28.92195 -28.92437 -28.92432 -28.92869
 -28.93259 -28.93518 -28.93926 -28.94149 -28.94030 -28.94446 -28.94813 -28.95154
 -28.94938 -28.94945 -28.95069 -28.95219 -28.95270 -28.95057 -28.94568 -28.94233
 -28.94265 -28.94683 -28.95208 -28.94897 -28.94572 -28.94694 -28.94228 -28.94947
 -28.95391 -28.95107 -28.95316 -28.95549 -28.94110 -28.94555 -28.94789 -28.94761
 -28.97787 -28.97800 -28.98022 -28.98293 -28.98386 -28.97997 -28.97112 -28.96531
 -28.96617 -28.97291 -28.98045 -28.97439 -28.96749 -28.96762 -28.95874 -28.96850
 -28.97344 -28.96562 -28.96590 -28.96832 -28.94184 -28.94655 -28.94767 -28.94401
 -29.00765 -29.00785 -29.01109 -29.01506 -29.01645 -29.01072 -28.99771 -28.98933
 -28.99076 -29.00017 -29.01010 -29.00096 -28.99025 -28.98925 -28.97595 -28.98841
 -28.99386 -28.98084 -28.97921 -28.98173 -28.94261 -28.94759 -28.94745 -28.94024
 -27.00464 -27.00464 -27.00464 -27.00265 -26.99091 -26.97826 -26.96435 -26.94766
 -26.92101 -26.88598 -26.83092 -26.76044 -26.66679 -26.57817 -26.44443 -26.25800
 -26.00344 -25.73007 -25.37271 -24.96887 -24.43732 -23.87050 -23.36508 -22.94807
 -27.11834 -27.11834 -27.11834 -27.11677 -27.10739 -27.09702 -27.08526 -27.07120
 -27.04896 -27.01983 -26.97427 -26.91627 -26.83895 -26.76464 -26.65257 -26.49745
 -26.28416 -26.05276 -25.74948 -25.40609 -24.94877 -24.45791 -23.98140 -23.56439
 -27.26159 -27.26159 -27.26159 -27.26055 -27.25415 -27.24663 -27.23759 -27.22684
 -27.21015 -27.18847 -27.15487 -27.11260 -27.05585 -26.99957 -26.91481 -26.79912
 -26.63783 -26.45929 -26.22414 -25.95693 -25.59312 -25.19796 -24.75787 -24.34086
 -27.35595 -27.35595 -27.35595 -27.35525 -27.35081 -27.34518 -27.33793 -27.32935
 -27.31632 -27.29954 -27.27382 -27.24192 -27.19872 -27.15431 -27.08753 -26.99783
 -26.87078 -26.72707 -26.53679 -26.31975 -26.01754 -25.68541 -25.26946 -24.85262
 -27.50755 -27.50755 -27.50755 -27.50726 -27.50522 -27.50200 -27.49736 -27.49229
 -27.48499 -27.47524 -27.46002 -27.44144 -27.41618 -27.38909 -27.34796 -27.29428
 -27.21524 -27.12383 -26.99982 -26.85505 -26.64542 -26.41015 -26.10399 -25.77611
 -27.65195 -27.65195 -27.65195 -27.65178 -27.65066 -27.64905 -27.64682 -27.64430
 -27.64022 -27.63418 -27.62473 -27.61403 -27.59942 -27.58198 -27.55745 -27.52450
 -27.47496 -27.41841 -27.33965 -27.24346 -27.10521 -26.94605 -26.73227 -26.49370
 -27.76887 -27.76887 -27.76887 -27.76863 -27.76733 -27.76623 -27.76511 -27.76308
 -27.75956 -27.75579 -27.75057 -27.74352 -27.73344 -27.72319 -27.70578 -27.68320
 -27.65089 -27.61281 -27.55794 -27.49155 -27.39514 -27.28277 -27.12974 -26.95290
 -27.88432 -27.88432 -27.88432 -27.88443 -27.88470 -27.88401 -27.88223 -27.88073
 -27.87945 -27.87806 -27.87524 -27.87034 -27.86272 -27.85512 -27.84459 -27.82916
 -27.80711 -27.78180 -27.74531 -27.70032 -27.63449 -27.55680 -27.44848 -27.32364
 -28.01233 -28.01233 -28.01233 -28.01229 -28.01203 -28.01161 -28.01094 -28.01009
 -28.00893 -28.00773 -28.00577 -28.00256 -27.99793 -27.99400 -27.98772 -27.97758
 -27.96247 -27.94871 -27.92567 -27.89535 -27.85259 -27.80200 -27.73087 -27.64657
 -28.14199 -28.14199 -28.14199 -28.14190 -28.14149 -28.14128 -28.14121 -28.14079
 -28.13989 -28.13905 -28.13800 -28.13644 -28.13397 -28.13124 -28.12708 -28.12177
 -28.11348 -28.10314 -28.08869 -28.07048 -28.04273 -28.01174 -27.96632 -27.91268
 -28.28116 -28.28116 -28.28116 -28.28114 -28.28102 -28.28079 -28.28048 -28.28034
 -28.28016 -28.27962 -28.27865 -28.27782 -28.27672 -28.27481 -28.27254 -28.27007
 -28.26505 -28.25910 -28.25115 -28.24073 -28.22538 -28.20674 -28.18004 -28.14902
 -28.40204 -28.40204 -28.40204 -28.40207 -28.40212 -28.40178 -28.40114 -28.40092
 -28.40100 -28.40077 -28.40014 -28.39969 -28.39922 -28.39828 -28.39729 -28.39572
 -28.39300 -28.38936 -28.38461 -28.37865 -28.36978 -28.35888 -28.34306 -28.32400
 -28.52412 -28.52412 -28.52412 -28.52412 -28.52412 -28.52413 -28.52418 -28.52434
 -28.52439 -28.52391 -28.52314 -28.52301 -28.52306 -28.52197 -28.52155 -28.52107
 -28.51973 -28.51779 -28.51565 -28.51183 -28.50685 -28.50119 -28.49256 -28.48310
 -28.62670 -28.62670 -28.62670 -28.62670 -28.62670 -28.62670 -28.62671 -28.62666
 -28.62664 -28.62681 -28.62689 -28.62626 -28.62518 -28.62490 -28.62490 -28.62512
 -28.62384 -28.62322 -28.62231 -28.62057 -28.61777 -28.61439 -28.60983 -28.60498
 -28.69697 -28.69697 -28.69697 -28.69697 -28.69697 -28.69697 -28.69697 -28.69697
 -28.69698 -28.69696 -28.69695 -28.69698 -28.69705 -28.69711 -28.69713 -28.69712
 -28.69715 -28.69730 -28.69571 -28.69500 -28.69421 -28.69190 -28.69024 -28.68714
 -28.78184 -28.78184 -28.78184 -28.78184 -28.78185 -28.78184 -28.78183 -28.78186
 -28.78187 -28.78177 -28.78173 -28.78213 -28.78227 -28.78066 -28.77973 -28.77990
 -28.78003 -28.77901 -28.77845 -28.77865 -28.77888 -28.77815 -28.77761 -28.77754
 -28.82545 -28.82545 -28.82545 -28.82545 -28.82545 -28.82545 -28.82544 -28.82545
 -28.82545 -28.82544 -28.82543 -28.82547 -28.82549 -28.82534 -28.82525 -28.82527
 -28.82526 -28.82528 -28.82529 -28.82529 -28.82528 -28.82530 -28.82531 -28.82533
 -28.84522 -28.84522 -28.84522 -28.84522 -28.84522 -28.84522 -28.84522 -28.84522
 -28.84523 -28.84522 -28.84522 -28.84524 -28.84524 -28.84518 -28.84514 -28.84515
 -28.84514 -28.84515 -28.84516 -28.84516 -28.84515 -28.84516 -28.84516 -28.84518
 -28.83694 -28.83694 -28.83694 -28.83694 -28.83694 -28.83694 -28.83694 -28.83694
 -28.83694 -28.83694 -28.83694 -28.83694 -28.83694 -28.83693 -28.83692 -28.83692
 -28.83692 -28.83693 -28.83693 -28.83693 -28.83693 -28.83693 -28.83693 -28.83693
 -28.80895 -28.80895 -28.80895 -28.80895 -28.80895 -28.80895 -28.80895 -28.80895
 -28.80895 -28.80895 -28.80895 -28.80895 -28.80895 -28.80894 -28.80894 -28.80894
 -28.80894 -28.80894 -28.80894 -28.80894 -28.80894 -28.80894 -28.80897 -28.80899
 -28.76682 -28.76682 -28.76682 -28.76682 -28.76682 -28.76682 -28.76682 -28.76682
 -28.76682 -28.76682 -28.76682 -28.76682 -28.76682 -28.76682 -28.76682 -28.76682
 -28.76682 -28.76682 -28.76682 -28.76682 -28.76681 -28.76685 -28.76661 -28.76645
 -28.71473 -28.71473 -28.71473 -28.71473 -28.71473 -28.71473 -28.71473 -28.71473
 -28.71473 -28.71473 -28.71473 -28.71473 -28.71473 -28.71473 -28.71473 -28.71473
 -28.71473 -28.71473 -28.71474 -28.71472 -28.71478 -28.71458 -28.71569 -28.71644
 -28.64695 -28.64695 -28.64695 -28.64695 -28.64695 -28.64695 -28.64695 -28.64695
 -28.64695 -28.64695 -28.64695 -28.64695 -28.64695 -28.64695 -28.64695 -28.64695
 -28.64695 -28.64695 -28.64695 -28.64695 -28.64696 -28.64693 -28.64708 -28.64718
 -28.58433 -28.58433 -28.58433 -28.58433 -28.58433 -28.58433 -28.58433 -28.58433
 -28.58433 -28.58433 -28.58433 -28.58433 -28.58433 -28.58433 -28.58433 -28.58433
 -28.58433 -28.58433 -28.58432 -28.58436 -28.58421 -28.58472 -28.58180 -28.57981
 -28.51885 -28.51885 -28.51885 -28.51885 -28.51885 -28.51885 -28.51885 -28.51885
 -28.51885 -28.51885 -28.51885 -28.51885 -28.51885 -28.51885 -28.51885 -28.51885
 -28.51885 -28.51885 -28.51883 -28.51891 -28.51860 -28.51967 -28.51354 -28.50936
C-------------------------------------------------------------------------------
C
C     RADIATED POWERS IN UNITS OF W CM**3
C     -----------------------------------
C
C     INPUT DATA
C         FOR YEAR: 96 AND WITH PREFIX:   
C         FOR be RECOMBINING ION CHARGE(S)  1 TO  4
C
C     CODE     : ADAS404
C     PRODUCER : Martin O'Mullane              
C     DATE     : 23/02/06
C
C-------------------------------------------------------------------------------

C-----------------------------------------------------------------------
C                               OPEN-ADAS
C                               +++++++++
C
C This file has been downloaded from OPEN-ADAS (http://open.adas.ac.uk)
C on 23-Apr-2020.
C
C TERMS AND CONDITIONS
C --------------------
C
C The user of the OPEN-ADAS system and data (hereinafter "the User")
C accepts the following terms and conditions:
C
C   1. The University of Strathclyde uses all reasonable endeavours to
C      ensure the accuracy of the data provided and any information
C      given, but the University makes no warranty, expressed or implied
C      as to its accuracy, integrity, fitness for purpose and shall not
C      be responsible for the use to which the data is put by the User
C      and/or any consequences arising out of any inaccuracies or
C      omissions.
C
C   2. Any downloaded OPEN-ADAS file is made available for the
C      personal use of the User only.  It must not be used for any
C      commercial application, incorporated into any web site or in
C      any form re-distributed without express prior written permission
C      from the ADAS Project. In particular, but not by way of
C      limitation, it must not be:
C        *  inserted into a managed database structure,
C        *  redistributed along with a modelling or analysis code,
C        *  made available on a public website.
C
C Permission for OPEN-ADAS data incorporation in non-commercial
C code/system development for scientific advance will not be
C unreasonably withheld, but will be subject to written agreement
C on a case by case basis.
C
C The User will indemnify the University of Strathclyde and keep it
C fully and effectively indemnified against each and every claim made
C against the University as a result of the User's use of the data.
C
C-----------------------------------------------------------------------
