   10   24   30
   7.69897   8.00000   8.30103   8.69897   9.00000   9.30103   9.69897  10.00000
  10.30103  10.69897  11.00000  11.30103  11.69897  12.00000  12.30103  12.69897
  13.00000  13.30103  13.69897  14.00000  14.30103  14.69897  15.00000  15.30103
  -0.69877  -0.52268  -0.30083  -0.15470   0.00020   0.17629   0.30123   0.47732
   0.69917   0.84530   1.00020   1.17629   1.30123   1.47732   1.69917   1.84530
   2.00020   2.17629   2.30123   2.47732   2.69917   2.84530   3.00020   3.17629
   3.30123   3.47732   3.69917   3.84530   4.00020   4.17629
 -29.68640 -29.66291 -29.63547 -29.59488 -29.56026 -29.52011 -29.45737 -29.40196
 -29.33935 -29.24650 -29.16697 -29.07661 -28.93959 -28.82060 -28.68561 -28.48144
 -28.30626 -28.11164 -27.82418 -27.58606 -27.33438 -26.99295 -26.73339 -26.47369
 -29.85560 -29.83847 -29.81828 -29.78831 -29.76250 -29.73218 -29.68437 -29.64267
 -29.59644 -29.52574 -29.46433 -29.39622 -29.29167 -29.19885 -29.09309 -28.93428
 -28.79669 -28.63958 -28.40331 -28.20220 -27.98049 -27.66534 -27.41885 -27.17132
 -30.05583 -30.04524 -30.03223 -30.01168 -29.99362 -29.97291 -29.94042 -29.91139
 -29.87848 -29.83053 -29.78913 -29.74022 -29.66453 -29.59881 -29.52462 -29.41100
 -29.31137 -29.19846 -29.02674 -28.87299 -28.69258 -28.42962 -28.22370 -28.01689
 -30.17959 -30.17105 -30.16137 -30.14710 -30.13436 -30.11878 -30.09419 -30.07194
 -30.04573 -30.00845 -29.97663 -29.93778 -29.87754 -29.82587 -29.76783 -29.67884
 -29.60022 -29.51029 -29.37252 -29.24633 -29.09458 -28.87803 -28.71332 -28.54855
 -30.30792 -30.30171 -30.29474 -30.28415 -30.27477 -30.26379 -30.24546 -30.22886
 -30.21061 -30.18240 -30.15717 -30.12835 -30.08299 -30.04309 -29.99887 -29.93111
 -29.87126 -29.80301 -29.69483 -29.59312 -29.47191 -29.30728 -29.18784 -29.06913
 -30.43942 -30.43556 -30.43072 -30.42333 -30.41704 -30.40972 -30.39725 -30.38592
 -30.37365 -30.35432 -30.33663 -30.31624 -30.28404 -30.25580 -30.22460 -30.17607
 -30.13281 -30.08359 -30.00457 -29.92888 -29.83852 -29.72396 -29.64735 -29.57215
 -30.54301 -30.54022 -30.53716 -30.53229 -30.52749 -30.52144 -30.51230 -30.50451
 -30.49540 -30.48065 -30.46731 -30.45206 -30.42788 -30.40650 -30.38273 -30.34562
 -30.31205 -30.27316 -30.21150 -30.15214 -30.07978 -29.99149 -29.93601 -29.88211
 -30.46003 -30.45902 -30.46003 -30.46046 -30.45901 -30.45738 -30.45535 -30.45321
 -30.44976 -30.44412 -30.43879 -30.43171 -30.42082 -30.41158 -30.40068 -30.38201
 -30.36483 -30.34561 -30.31281 -30.28000 -30.24120 -30.19382 -30.16346 -30.13385
 -29.75658 -29.76016 -29.76562 -29.77307 -29.77783 -29.78230 -29.78767 -29.79175
 -29.79625 -29.80114 -29.80416 -29.80761 -29.81146 -29.81344 -29.81508 -29.81715
 -29.81831 -29.81855 -29.81755 -29.81618 -29.81459 -29.81182 -29.80928 -29.80669
 -29.33292 -29.33836 -29.34348 -29.35069 -29.35629 -29.36118 -29.36720 -29.37185
 -29.37660 -29.38206 -29.38573 -29.38963 -29.39422 -29.39701 -29.39946 -29.40208
 -29.40376 -29.40537 -29.40667 -29.40709 -29.40757 -29.40823 -29.40869 -29.40916
 -29.07725 -29.08292 -29.08981 -29.09719 -29.10146 -29.10660 -29.11387 -29.11897
 -29.12357 -29.12927 -29.13334 -29.13711 -29.14184 -29.14522 -29.14820 -29.15117
 -29.15296 -29.15483 -29.15711 -29.15855 -29.15981 -29.16091 -29.16138 -29.16180
 -28.95525 -28.95999 -28.96812 -28.97653 -28.98038 -28.98550 -28.99231 -28.99708
 -29.00243 -29.00869 -29.01260 -29.01658 -29.02153 -29.02465 -29.02718 -29.03038
 -29.03268 -29.03442 -29.03629 -29.03765 -29.03895 -29.04034 -29.04119 -29.04204
 -28.94948 -28.95534 -28.96213 -28.96959 -28.97416 -28.97931 -28.98609 -28.99102
 -28.99624 -29.00267 -29.00689 -29.01075 -29.01547 -29.01868 -29.02146 -29.02476
 -29.02700 -29.02886 -29.03083 -29.03210 -29.03327 -29.03450 -29.03526 -29.03603
 -29.01750 -29.02522 -29.03079 -29.03725 -29.04264 -29.04802 -29.05511 -29.06027
 -29.06501 -29.07129 -29.07583 -29.07958 -29.08424 -29.08762 -29.09044 -29.09384
 -29.09603 -29.09750 -29.09952 -29.10108 -29.10203 -29.10323 -29.10445 -29.10577
 -29.18970 -29.19498 -29.20072 -29.20858 -29.21420 -29.21923 -29.22615 -29.23152
 -29.23632 -29.24251 -29.24711 -29.25119 -29.25601 -29.25930 -29.26221 -29.26565
 -29.26783 -29.26945 -29.27130 -29.27264 -29.27380 -29.27516 -29.27617 -29.27725
 -29.33484 -29.33998 -29.34530 -29.35304 -29.35877 -29.36356 -29.37026 -29.37566
 -29.38042 -29.38650 -29.39117 -29.39552 -29.40034 -29.40343 -29.40637 -29.40969
 -29.41181 -29.41381 -29.41591 -29.41711 -29.41825 -29.41937 -29.41995 -29.42058
 -29.50286 -29.50750 -29.51302 -29.52035 -29.52533 -29.53002 -29.53682 -29.54219
 -29.54695 -29.55293 -29.55749 -29.56189 -29.56638 -29.56894 -29.57158 -29.57526
 -29.57767 -29.57927 -29.58121 -29.58276 -29.58403 -29.58544 -29.58648 -29.58760
 -29.69830 -29.70274 -29.70819 -29.71473 -29.71895 -29.72372 -29.73107 -29.73614
 -29.73960 -29.74513 -29.75021 -29.75425 -29.75850 -29.76123 -29.76353 -29.76633
 -29.76832 -29.77004 -29.77219 -29.77347 -29.77417 -29.77567 -29.77757 -29.77966
 -29.82804 -29.83172 -29.83623 -29.84230 -29.84689 -29.85200 -29.85789 -29.86150
 -29.86522 -29.87079 -29.87490 -29.87822 -29.88264 -29.88578 -29.88778 -29.89001
 -29.89170 -29.89306 -29.89581 -29.89757 -29.89734 -29.89776 -29.89965 -29.90186
 -29.99414 -29.99506 -29.99967 -30.00617 -30.01044 -30.01588 -30.01901 -30.02054
 -30.02654 -30.03147 -30.03185 -30.03386 -30.03663 -30.03836 -30.04126 -30.04639
 -30.04861 -30.04741 -30.04860 -30.05177 -30.05259 -30.05169 -30.05084 -30.05006
 -30.20141 -30.19863 -30.20356 -30.21072 -30.21449 -30.22032 -30.21991 -30.21880
 -30.22790 -30.23196 -30.22733 -30.22769 -30.22814 -30.22785 -30.23204 -30.24128
 -30.24428 -30.23961 -30.23853 -30.24355 -30.24601 -30.24346 -30.23882 -30.23390
 -30.33793 -30.33273 -30.33786 -30.34546 -30.34889 -30.35498 -30.35223 -30.34940
 -30.36053 -30.36402 -30.35610 -30.35536 -30.35428 -30.35267 -30.35770 -30.36965
 -30.37317 -30.36621 -30.36363 -30.36988 -30.37341 -30.36978 -30.36264 -30.35499
 -30.48265 -30.47487 -30.48023 -30.48828 -30.49136 -30.49773 -30.49250 -30.48783
 -30.50113 -30.50401 -30.49259 -30.49070 -30.48800 -30.48497 -30.49091 -30.50572
 -30.50979 -30.50041 -30.49624 -30.50379 -30.50845 -30.50368 -30.49389 -30.48335
 -30.64717 -30.63645 -30.64206 -30.65065 -30.65332 -30.66000 -30.65196 -30.64520
 -30.66096 -30.66315 -30.64775 -30.64455 -30.64001 -30.63537 -30.64234 -30.66041
 -30.66510 -30.65296 -30.64699 -30.65602 -30.66197 -30.65590 -30.64310 -30.62927
 -30.76389 -30.75110 -30.75689 -30.76584 -30.76824 -30.77514 -30.76509 -30.75685
 -30.77436 -30.77606 -30.75784 -30.75370 -30.74786 -30.74209 -30.74978 -30.77016
 -30.77530 -30.76120 -30.75396 -30.76402 -30.77090 -30.76391 -30.74897 -30.73281
 -30.92841 -30.91268 -30.91873 -30.92821 -30.93020 -30.93741 -30.92455 -30.91422
 -30.93419 -30.93519 -30.91301 -30.90755 -30.89986 -30.89249 -30.90121 -30.92485
 -30.93061 -30.91376 -30.90471 -30.91625 -30.92442 -30.91613 -30.89818 -30.87873
 -31.13567 -31.11626 -31.12262 -31.13276 -31.13425 -31.14186 -31.12544 -31.11249
 -31.13555 -31.13568 -31.10849 -31.10138 -31.09137 -31.08198 -31.09199 -31.11974
 -31.12629 -31.10596 -31.09464 -31.10804 -31.11783 -31.10790 -31.08616 -31.06257
 -31.27220 -31.25035 -31.25692 -31.26750 -31.26866 -31.27652 -31.25777 -31.24308
 -31.26819 -31.26774 -31.23726 -31.22905 -31.21752 -31.20680 -31.21765 -31.24810
 -31.25517 -31.23256 -31.21974 -31.23436 -31.24523 -31.23422 -31.20999 -31.18367
 -31.41692 -31.39249 -31.39928 -31.41032 -31.41113 -31.41927 -31.39804 -31.38151
 -31.40878 -31.40773 -31.37375 -31.36438 -31.35123 -31.33910 -31.35086 -31.38418
 -31.39180 -31.36675 -31.35235 -31.36827 -31.38028 -31.36813 -31.34124 -31.31203
 -31.58143 -31.55408 -31.56112 -31.57269 -31.57309 -31.58154 -31.55749 -31.53888
 -31.56861 -31.56687 -31.52891 -31.51823 -31.50324 -31.48950 -31.50229 -31.53886
 -31.54711 -31.51931 -31.50310 -31.52050 -31.53380 -31.52035 -31.49046 -31.45796
 -28.63235 -28.60739 -28.58120 -28.54124 -28.50299 -28.45534 -28.37754 -28.30840
 -28.23085 -28.11500 -28.01588 -27.90448 -27.73165 -27.57742 -27.40301 -27.14505
 -26.92935 -26.69382 -26.36163 -26.09827 -25.82829 -25.46758 -25.19483 -24.92190
 -28.79940 -28.78208 -28.76351 -28.73490 -28.70745 -28.67279 -28.61579 -28.56523
 -28.50859 -28.42401 -28.35100 -28.26702 -28.13450 -28.01605 -27.88228 -27.68239
 -27.51304 -27.32556 -27.04899 -26.82077 -26.57815 -26.24147 -25.97953 -25.71357
 -28.99407 -28.98271 -28.96981 -28.95143 -28.93549 -28.91348 -28.87572 -28.84294
 -28.80573 -28.74825 -28.69746 -28.63943 -28.54831 -28.46655 -28.37411 -28.23429
 -28.11305 -27.97628 -27.76834 -27.58942 -27.39329 -27.11078 -26.88135 -26.63900
 -29.11248 -29.10436 -29.09613 -29.08270 -29.06880 -29.05192 -29.02467 -29.00015
 -28.97294 -28.93007 -28.89032 -28.84512 -28.77474 -28.71160 -28.64094 -28.53338
 -28.43818 -28.32980 -28.16310 -28.01778 -27.85705 -27.62026 -27.42133 -27.20505
 -29.22888 -29.22230 -29.21607 -29.20632 -29.19640 -29.18413 -29.16432 -29.14661
 -29.12647 -29.09522 -29.06690 -29.03335 -28.98061 -28.93403 -28.88035 -28.79741
 -28.72484 -28.64226 -28.51441 -28.40188 -28.27604 -28.08670 -27.92382 -27.74397
 -29.34727 -29.34044 -29.33452 -29.32685 -29.32039 -29.31205 -29.29823 -29.28619
 -29.27247 -29.25097 -29.23136 -29.20824 -29.17132 -29.13802 -29.09987 -29.04105
 -28.98898 -28.92906 -28.83642 -28.75511 -28.66274 -28.52200 -28.39999 -28.26256
 -29.42858 -29.42077 -29.41464 -29.40756 -29.40226 -29.39573 -29.38521 -29.37636
 -29.36598 -29.34911 -29.33392 -29.31615 -29.28750 -29.26151 -29.23201 -29.18648
 -29.14569 -29.09844 -29.02507 -28.96074 -28.88817 -28.77664 -28.67828 -28.56733
 -29.43814 -29.43376 -29.43079 -29.42799 -29.42634 -29.42432 -29.42056 -29.41693
 -29.41246 -29.40475 -29.39724 -29.38805 -29.37267 -29.35836 -29.34185 -29.31563
 -29.29138 -29.26276 -29.21761 -29.17749 -29.13163 -29.05945 -28.99403 -28.91850
 -28.99077 -29.00627 -29.01828 -29.03027 -29.03750 -29.04421 -29.05287 -29.05842
 -29.06217 -29.06774 -29.07329 -29.07553 -29.07658 -29.07923 -29.08034 -29.07961
 -29.07864 -29.07582 -29.06876 -29.06118 -29.05125 -29.03350 -29.01576 -28.99350
 -28.65684 -28.67940 -28.69737 -28.71536 -28.72576 -28.73512 -28.74665 -28.75427
 -28.76162 -28.77107 -28.77754 -28.78358 -28.79148 -28.79697 -28.80085 -28.80539
 -28.80959 -28.81243 -28.81355 -28.81345 -28.81355 -28.81229 -28.80885 -28.80383
 -28.43466 -28.46122 -28.48298 -28.50452 -28.51617 -28.52622 -28.53889 -28.54774
 -28.55625 -28.56645 -28.57316 -28.58012 -28.58898 -28.59463 -28.60024 -28.60743
 -28.61200 -28.61573 -28.62007 -28.62320 -28.62569 -28.62803 -28.62908 -28.62890
 -28.32540 -28.35428 -28.37831 -28.40208 -28.41480 -28.42556 -28.43903 -28.44823
 -28.45656 -28.46675 -28.47407 -28.48130 -28.49053 -28.49707 -28.50327 -28.51057
 -28.51524 -28.51950 -28.52468 -28.52817 -28.53126 -28.53446 -28.53632 -28.53844
 -28.31708 -28.34618 -28.37057 -28.39492 -28.40808 -28.41912 -28.43254 -28.44173
 -28.45041 -28.46092 -28.46819 -28.47537 -28.48464 -28.49125 -28.49748 -28.50492
 -28.50988 -28.51443 -28.51985 -28.52334 -28.52610 -28.52932 -28.53198 -28.53458
 -28.37188 -28.39954 -28.42304 -28.44668 -28.45954 -28.47027 -28.48323 -28.49221
 -28.50096 -28.51191 -28.51936 -28.52643 -28.53575 -28.54279 -28.54926 -28.55672
 -28.56171 -28.56653 -28.57247 -28.57612 -28.57892 -28.58209 -28.58458 -28.58669
 -28.51529 -28.53668 -28.55505 -28.57388 -28.58428 -28.59343 -28.60601 -28.61570
 -28.62401 -28.63403 -28.64206 -28.64933 -28.65856 -28.66610 -28.67307 -28.68059
 -28.68528 -28.68966 -28.69536 -28.69959 -28.70266 -28.70504 -28.70690 -28.70933
 -28.64296 -28.65972 -28.67358 -28.68934 -28.70007 -28.70846 -28.71887 -28.72817
 -28.73642 -28.74651 -28.75490 -28.76196 -28.77084 -28.77849 -28.78458 -28.79196
 -28.79871 -28.80422 -28.80865 -28.81121 -28.81411 -28.81810 -28.82093 -28.82297
 -28.79538 -28.80870 -28.82109 -28.83432 -28.84181 -28.85059 -28.86249 -28.86937
 -28.87630 -28.88759 -28.89693 -28.90383 -28.91232 -28.92039 -28.92583 -28.93162
 -28.93798 -28.94332 -28.94879 -28.95289 -28.95595 -28.95865 -28.96085 -28.96362
 -28.98004 -28.99040 -29.00055 -29.01210 -29.01901 -29.02664 -29.03714 -29.04405
 -29.05128 -29.06164 -29.06926 -29.07602 -29.08466 -29.09150 -29.09727 -29.10414
 -29.10960 -29.11406 -29.11921 -29.12331 -29.12635 -29.12899 -29.13096 -29.13305
 -29.11031 -29.11894 -29.12728 -29.13763 -29.14468 -29.15117 -29.15996 -29.16724
 -29.17447 -29.18364 -29.19023 -29.19637 -29.20423 -29.21025 -29.21600 -29.22319
 -29.22829 -29.23262 -29.23739 -29.24064 -29.24342 -29.24625 -29.24791 -29.24960
 -29.27516 -29.28166 -29.28829 -29.29687 -29.30281 -29.30830 -29.31535 -29.32101
 -29.32720 -29.33512 -29.34035 -29.34569 -29.35262 -29.35728 -29.36181 -29.36784
 -29.37216 -29.37567 -29.37961 -29.38247 -29.38455 -29.38682 -29.38872 -29.39006
 -29.42380 -29.42797 -29.43184 -29.43727 -29.44168 -29.44509 -29.44966 -29.45424
 -29.45802 -29.46234 -29.46612 -29.46964 -29.47436 -29.47830 -29.48145 -29.48453
 -29.48685 -29.48950 -29.49277 -29.49435 -29.49523 -29.49669 -29.49847 -29.49975
 -29.47165 -29.47461 -29.47781 -29.48210 -29.48506 -29.48772 -29.49084 -29.49303
 -29.49529 -29.49905 -29.50227 -29.50440 -29.50669 -29.50913 -29.51100 -29.51357
 -29.51618 -29.51754 -29.51869 -29.52045 -29.52172 -29.52282 -29.52371 -29.52386
 -29.48324 -29.48503 -29.48691 -29.48925 -29.49087 -29.49274 -29.49469 -29.49543
 -29.49680 -29.49933 -29.50101 -29.50277 -29.50475 -29.50561 -29.50634 -29.50797
 -29.50976 -29.51108 -29.51169 -29.51181 -29.51240 -29.51375 -29.51456 -29.51481
 -29.48599 -29.48649 -29.48650 -29.48624 -29.48644 -29.48732 -29.48806 -29.48776
 -29.48836 -29.48900 -29.48861 -29.49032 -29.49275 -29.49199 -29.49155 -29.49177
 -29.49206 -29.49391 -29.49472 -29.49218 -29.49151 -29.49333 -29.49439 -29.49536
 -29.48800 -29.48759 -29.48628 -29.48418 -29.48337 -29.48355 -29.48343 -29.48239
 -29.48244 -29.48175 -29.47988 -29.48155 -29.48431 -29.48239 -29.48112 -29.48035
 -29.47957 -29.48180 -29.48275 -29.47832 -29.47674 -29.47891 -29.48014 -29.48163
 -29.49090 -29.48921 -29.48603 -29.48133 -29.47911 -29.47829 -29.47696 -29.47488
 -29.47416 -29.47158 -29.46763 -29.46925 -29.47246 -29.46891 -29.46648 -29.46429
 -29.46201 -29.46477 -29.46592 -29.45882 -29.45598 -29.45863 -29.46010 -29.46232
 -29.49460 -29.49131 -29.48578 -29.47782 -29.47381 -29.47173 -29.46887 -29.46549
 -29.46378 -29.45883 -29.45225 -29.45381 -29.45760 -29.45199 -29.44808 -29.44412
 -29.43993 -29.44338 -29.44477 -29.43431 -29.42988 -29.43314 -29.43492 -29.43805
 -29.49707 -29.49272 -29.48565 -29.47553 -29.47034 -29.46744 -29.46357 -29.45932
 -29.45697 -29.45045 -29.44215 -29.44366 -29.44783 -29.44086 -29.43598 -29.43086
 -29.42542 -29.42930 -29.43086 -29.41818 -29.41270 -29.41637 -29.41835 -29.42209
 -29.49970 -29.49424 -29.48552 -29.47312 -29.46668 -29.46291 -29.45796 -29.45281
 -29.44977 -29.44159 -29.43145 -29.43292 -29.43749 -29.42909 -29.42317 -29.41681
 -29.41004 -29.41440 -29.41613 -29.40110 -29.39450 -29.39860 -29.40080 -29.40518
 -29.50271 -29.49597 -29.48539 -29.47039 -29.46253 -29.45777 -29.45160 -29.44541
 -29.44160 -29.43153 -29.41930 -29.42072 -29.42574 -29.41570 -29.40862 -29.40085
 -29.39257 -29.39746 -29.39939 -29.38169 -29.37383 -29.37842 -29.38086 -29.38597
 -28.03496 -28.01004 -27.97998 -27.93136 -27.88937 -27.84477 -27.78139 -27.72058
 -27.64450 -27.52200 -27.41105 -27.28319 -27.09003 -26.93237 -26.75978 -26.48838
 -26.24882 -25.98557 -25.61189 -25.34103 -25.09497 -24.75389 -24.48681 -24.21577
 -28.17750 -28.15794 -28.13438 -28.09648 -28.06378 -28.02893 -27.97903 -27.93082
 -27.87030 -27.77263 -27.68402 -27.58226 -27.42916 -27.30139 -27.15937 -26.93723
 -26.74010 -26.52071 -26.20416 -25.95734 -25.71129 -25.37021 -25.10313 -24.83209
 -28.35468 -28.34191 -28.32656 -28.30210 -28.28098 -28.25825 -28.22510 -28.19268
 -28.15172 -28.08509 -28.02442 -27.95526 -27.85196 -27.76166 -27.65814 -27.49750
 -27.35348 -27.18931 -26.94504 -26.73991 -26.51744 -26.20068 -25.94720 -25.68612
 -28.45107 -28.44276 -28.43268 -28.41621 -28.40156 -28.38529 -28.36099 -28.33803
 -28.30918 -28.26053 -28.21619 -28.16568 -28.08891 -28.02125 -27.94260 -27.81725
 -27.70467 -27.57620 -27.38163 -27.21604 -27.03389 -26.76498 -26.54124 -26.30358
 -28.55079 -28.54509 -28.53818 -28.52711 -28.51738 -28.50664 -28.49052 -28.47491
 -28.45496 -28.42120 -28.39065 -28.35566 -28.30112 -28.25261 -28.19573 -28.10335
 -28.01957 -27.92387 -27.77827 -27.64965 -27.50342 -27.28390 -27.09668 -26.89281
 -28.66595 -28.66243 -28.65816 -28.65119 -28.64526 -28.63917 -28.63053 -28.62069
 -28.60757 -28.58729 -28.56832 -28.54576 -28.51114 -28.47977 -28.44230 -28.38136
 -28.32546 -28.26067 -28.16043 -28.07032 -27.96583 -27.80414 -27.66217 -27.50303
 -28.74542 -28.74319 -28.74042 -28.73570 -28.73152 -28.72709 -28.72083 -28.71433
 -28.70592 -28.69250 -28.67942 -28.66384 -28.64047 -28.61885 -28.59263 -28.55027
 -28.51098 -28.46473 -28.39224 -28.32652 -28.24889 -28.12456 -28.01301 -27.88522
 -28.78402 -28.78559 -28.78666 -28.78693 -28.78641 -28.78551 -28.78390 -28.78188
 -28.77903 -28.77407 -28.76857 -28.76161 -28.75112 -28.74148 -28.72960 -28.70946
 -28.68993 -28.66648 -28.62951 -28.59498 -28.55231 -28.47973 -28.41043 -28.32655
 -28.61230 -28.63063 -28.64843 -28.66708 -28.67731 -28.68495 -28.69209 -28.69546
 -28.69788 -28.70116 -28.70339 -28.70489 -28.70535 -28.70510 -28.70432 -28.70150
 -28.69784 -28.69301 -28.68504 -28.67708 -28.66616 -28.64478 -28.62203 -28.59147
 -28.44271 -28.47319 -28.50366 -28.53650 -28.55482 -28.56843 -28.58113 -28.58799
 -28.59358 -28.60032 -28.60509 -28.60950 -28.61463 -28.61769 -28.62004 -28.62242
 -28.62361 -28.62442 -28.62522 -28.62496 -28.62326 -28.61811 -28.61195 -28.60250
 -28.32031 -28.35766 -28.39591 -28.43852 -28.46273 -28.48042 -28.49602 -28.50447
 -28.51188 -28.52093 -28.52697 -28.53263 -28.53950 -28.54375 -28.54738 -28.55213
 -28.55564 -28.55885 -28.56239 -28.56469 -28.56663 -28.56832 -28.56909 -28.56905
 -28.25904 -28.29906 -28.34103 -28.38905 -28.41686 -28.43723 -28.45470 -28.46313
 -28.46991 -28.47909 -28.48591 -28.49222 -28.49948 -28.50446 -28.50912 -28.51475
 -28.51869 -28.52235 -28.52675 -28.53007 -28.53368 -28.53873 -28.54236 -28.54613
 -28.25556 -28.29492 -28.33675 -28.38572 -28.41467 -28.43611 -28.45458 -28.46337
 -28.47018 -28.47923 -28.48621 -28.49266 -28.49998 -28.50483 -28.50932 -28.51514
 -28.51912 -28.52278 -28.52779 -28.53162 -28.53552 -28.54108 -28.54547 -28.55065
 -28.28947 -28.32639 -28.36600 -28.41323 -28.44163 -28.46286 -28.48135 -28.49067
 -28.49825 -28.50745 -28.51386 -28.52006 -28.52798 -28.53313 -28.53766 -28.54386
 -28.54855 -28.55291 -28.55784 -28.56118 -28.56495 -28.57108 -28.57595 -28.58154
 -28.37456 -28.40510 -28.43822 -28.47843 -28.50326 -28.52259 -28.54061 -28.55004
 -28.55763 -28.56732 -28.57527 -28.58315 -28.59218 -28.59824 -28.60371 -28.61058
 -28.61585 -28.62090 -28.62672 -28.63061 -28.63460 -28.64043 -28.64490 -28.64974
 -28.45437 -28.47921 -28.50606 -28.53894 -28.55982 -28.57693 -28.59439 -28.60408
 -28.61217 -28.62307 -28.63144 -28.63973 -28.65024 -28.65735 -28.66380 -28.67173
 -28.67740 -28.68286 -28.68971 -28.69381 -28.69755 -28.70386 -28.70809 -28.71178
 -28.55899 -28.57811 -28.59898 -28.62561 -28.64325 -28.65806 -28.67338 -28.68270
 -28.69131 -28.70311 -28.71236 -28.72153 -28.73253 -28.73943 -28.74594 -28.75557
 -28.76174 -28.76709 -28.77544 -28.78130 -28.78574 -28.78992 -28.79376 -28.79851
 -28.70212 -28.71686 -28.73243 -28.75210 -28.76550 -28.77755 -28.79178 -28.80182
 -28.81108 -28.82142 -28.82926 -28.83807 -28.85088 -28.85937 -28.86652 -28.87560
 -28.88213 -28.88835 -28.89597 -28.89976 -28.90314 -28.91060 -28.91426 -28.91632
 -28.81071 -28.82247 -28.83493 -28.85130 -28.86296 -28.87370 -28.88649 -28.89573
 -28.90424 -28.91336 -28.92092 -28.92963 -28.94082 -28.94831 -28.95542 -28.96523
 -28.97138 -28.97643 -28.98320 -28.98725 -28.99094 -28.99757 -29.00101 -29.00310
 -28.95053 -28.95900 -28.96815 -28.98078 -28.99016 -28.99895 -29.00932 -29.01657
 -29.02337 -29.03156 -29.03828 -29.04538 -29.05375 -29.05925 -29.06481 -29.07323
 -29.07843 -29.08240 -29.08799 -29.09246 -29.09640 -29.09996 -29.10277 -29.10571
 -29.07409 -29.07941 -29.08495 -29.09238 -29.09797 -29.10350 -29.11069 -29.11589
 -29.12064 -29.12601 -29.13010 -29.13442 -29.13999 -29.14392 -29.14755 -29.15195
 -29.15512 -29.15825 -29.16226 -29.16455 -29.16641 -29.16935 -29.17127 -29.17277
 -29.11141 -29.11493 -29.11860 -29.12357 -29.12728 -29.13087 -29.13538 -29.13897
 -29.14241 -29.14582 -29.14845 -29.15135 -29.15487 -29.15734 -29.15974 -29.16271
 -29.16479 -29.16676 -29.16927 -29.17101 -29.17249 -29.17398 -29.17512 -29.17635
 -29.11561 -29.11765 -29.11977 -29.12268 -29.12490 -29.12711 -29.12992 -29.13187
 -29.13367 -29.13598 -29.13766 -29.13924 -29.14117 -29.14274 -29.14434 -29.14618
 -29.14749 -29.14873 -29.15005 -29.15106 -29.15195 -29.15251 -29.15317 -29.15409
 -29.08698 -29.08802 -29.08901 -29.09026 -29.09125 -29.09243 -29.09427 -29.09546
 -29.09632 -29.09727 -29.09816 -29.09914 -29.10011 -29.10076 -29.10146 -29.10240
 -29.10313 -29.10375 -29.10423 -29.10476 -29.10542 -29.10592 -29.10628 -29.10662
 -29.05117 -29.05188 -29.05254 -29.05326 -29.05380 -29.05446 -29.05561 -29.05645
 -29.05708 -29.05757 -29.05797 -29.05853 -29.05934 -29.05976 -29.06005 -29.06058
 -29.06102 -29.06139 -29.06171 -29.06212 -29.06258 -29.06281 -29.06303 -29.06327
 -28.99377 -28.99417 -28.99455 -28.99490 -28.99506 -28.99516 -28.99525 -28.99543
 -28.99573 -28.99611 -28.99597 -28.99579 -28.99652 -28.99699 -28.99710 -28.99722
 -28.99726 -28.99735 -28.99783 -28.99805 -28.99792 -28.99747 -28.99759 -28.99799
 -28.92123 -28.92124 -28.92127 -28.92117 -28.92087 -28.92026 -28.91901 -28.91835
 -28.91824 -28.91849 -28.91766 -28.91655 -28.91718 -28.91773 -28.91763 -28.91724
 -28.91678 -28.91653 -28.91721 -28.91719 -28.91630 -28.91500 -28.91498 -28.91561
 -28.87346 -28.87322 -28.87302 -28.87263 -28.87202 -28.87094 -28.86881 -28.86759
 -28.86720 -28.86738 -28.86610 -28.86436 -28.86494 -28.86554 -28.86529 -28.86457
 -28.86377 -28.86330 -28.86412 -28.86394 -28.86255 -28.86068 -28.86057 -28.86135
 -28.82283 -28.82232 -28.82188 -28.82118 -28.82025 -28.81868 -28.81560 -28.81379
 -28.81311 -28.81321 -28.81145 -28.80905 -28.80956 -28.81022 -28.80981 -28.80875
 -28.80759 -28.80688 -28.80785 -28.80750 -28.80558 -28.80310 -28.80290 -28.80383
 -28.76529 -28.76447 -28.76376 -28.76271 -28.76141 -28.75927 -28.75513 -28.75265
 -28.75163 -28.75163 -28.74933 -28.74619 -28.74662 -28.74734 -28.74676 -28.74529
 -28.74373 -28.74275 -28.74388 -28.74334 -28.74083 -28.73766 -28.73735 -28.73846
 -27.44109 -27.42381 -27.40136 -27.36087 -27.32203 -27.27623 -27.20626 -27.14835
 -27.08798 -26.99137 -26.88603 -26.76268 -26.57982 -26.41315 -26.22191 -25.93962
 -25.70866 -25.45341 -25.06306 -24.72570 -24.36657 -23.94074 -23.69365 -23.43276
 -27.52096 -27.50671 -27.48832 -27.45548 -27.42407 -27.38701 -27.33022 -27.28292
 -27.23326 -27.15398 -27.06855 -26.96768 -26.81603 -26.67801 -26.51974 -26.28501
 -26.09098 -25.87480 -25.54218 -25.25329 -24.94302 -24.55717 -24.31007 -24.04918
 -27.62182 -27.61139 -27.59812 -27.57493 -27.55289 -27.52686 -27.48666 -27.45275
 -27.41659 -27.35916 -27.29884 -27.22630 -27.11398 -27.01206 -26.89537 -26.72056
 -26.57307 -26.40614 -26.14623 -25.91842 -25.66971 -25.33423 -25.08713 -24.82624
 -27.68876 -27.68086 -27.67096 -27.65413 -27.63828 -27.61952 -27.59027 -27.56519
 -27.53794 -27.49492 -27.45116 -27.39731 -27.31094 -27.23284 -27.14355 -27.00826
 -26.89145 -26.75698 -26.54502 -26.35745 -26.14930 -25.84707 -25.60011 -25.33933
 -27.75723 -27.75190 -27.74545 -27.73498 -27.72528 -27.71375 -27.69542 -27.67914
 -27.66070 -27.63165 -27.60373 -27.56848 -27.50903 -27.45487 -27.39290 -27.29756
 -27.21240 -27.11164 -26.94953 -26.80411 -26.63920 -26.39304 -26.18696 -25.96209
 -27.84539 -27.84205 -27.83818 -27.83212 -27.82665 -27.82026 -27.81005 -27.80062
 -27.78939 -27.77125 -27.75438 -27.73322 -27.69687 -27.66294 -27.62376 -27.56268
 -27.50640 -27.43801 -27.32580 -27.22412 -27.10664 -26.92473 -26.76564 -26.58628
 -27.93848 -27.93604 -27.93298 -27.92791 -27.92335 -27.91826 -27.91070 -27.90418
 -27.89685 -27.88527 -27.87391 -27.85816 -27.83013 -27.80598 -27.77850 -27.73405
 -27.69177 -27.64033 -27.55649 -27.48015 -27.39065 -27.24906 -27.12256 -26.97717
 -28.02735 -28.02804 -28.02803 -28.02673 -28.02510 -28.02321 -28.02047 -28.01802
 -28.01507 -28.00974 -28.00381 -27.99576 -27.98143 -27.96772 -27.95229 -27.92815
 -27.90378 -27.87303 -27.82151 -27.77321 -27.71635 -27.62541 -27.54079 -27.44016
 -27.89430 -27.90110 -27.90823 -27.91814 -27.92588 -27.93370 -27.94369 -27.95030
 -27.95550 -27.96099 -27.96593 -27.97124 -27.97728 -27.98018 -27.98259 -27.98419
 -27.98093 -27.97418 -27.96091 -27.94686 -27.92857 -27.89565 -27.86143 -27.81675
 -27.69409 -27.70536 -27.71716 -27.73345 -27.74620 -27.75924 -27.77657 -27.78929
 -27.80128 -27.81619 -27.82760 -27.83980 -27.85773 -27.87209 -27.88555 -27.90019
 -27.90876 -27.91518 -27.92051 -27.92221 -27.92254 -27.91980 -27.91218 -27.89825
 -27.53221 -27.54526 -27.55880 -27.57754 -27.59276 -27.60924 -27.63248 -27.64965
 -27.66517 -27.68366 -27.69867 -27.71561 -27.74100 -27.76120 -27.78096 -27.80434
 -27.81895 -27.83178 -27.84730 -27.85779 -27.86771 -27.87983 -27.88653 -27.89034
 -27.44250 -27.45611 -27.47051 -27.49083 -27.50735 -27.52502 -27.54968 -27.56823
 -27.58578 -27.60763 -27.62478 -27.64363 -27.67170 -27.69450 -27.71749 -27.74558
 -27.76410 -27.78059 -27.80052 -27.81560 -27.83052 -27.84875 -27.86136 -27.87295
 -27.43138 -27.44499 -27.45945 -27.47995 -27.49657 -27.51421 -27.53873 -27.55748
 -27.57578 -27.59879 -27.61575 -27.63428 -27.66312 -27.68726 -27.71122 -27.73973
 -27.75915 -27.77689 -27.79889 -27.81544 -27.83120 -27.85069 -27.86518 -27.87864
 -27.47034 -27.48348 -27.49724 -27.51650 -27.53238 -27.54987 -27.57505 -27.59416
 -27.61204 -27.63372 -27.65055 -27.66906 -27.69714 -27.72058 -27.74471 -27.77474
 -27.79469 -27.81251 -27.83422 -27.85036 -27.86646 -27.88741 -27.90263 -27.91766
 -27.58806 -27.60029 -27.61318 -27.63133 -27.64629 -27.66267 -27.68620 -27.70430
 -27.72169 -27.74313 -27.75905 -27.77605 -27.80186 -27.82399 -27.84710 -27.87630
 -27.89621 -27.91434 -27.93643 -27.95211 -27.96788 -27.98933 -28.00550 -28.02094
 -27.69367 -27.70563 -27.71810 -27.73536 -27.74951 -27.76511 -27.78782 -27.80558
 -27.82292 -27.84409 -27.85880 -27.87475 -27.90001 -27.92130 -27.94381 -27.97263
 -27.99130 -28.00870 -28.03129 -28.04624 -28.06063 -28.08083 -28.09674 -28.11232
 -27.82040 -27.83162 -27.84370 -27.86106 -27.87543 -27.89107 -27.91326 -27.93002
 -27.94569 -27.96522 -27.98129 -27.99851 -28.02249 -28.04143 -28.06144 -28.08821
 -28.10665 -28.12362 -28.14499 -28.16038 -28.17531 -28.19458 -28.20885 -28.22348
 -27.98393 -27.99445 -28.00532 -28.02043 -28.03289 -28.04667 -28.06698 -28.08339
 -28.10023 -28.12186 -28.13667 -28.15135 -28.17291 -28.19158 -28.21111 -28.23585
 -28.25283 -28.26852 -28.28839 -28.30299 -28.31710 -28.33505 -28.34829 -28.36200
 -28.10489 -28.11525 -28.12620 -28.14147 -28.15393 -28.16748 -28.18708 -28.20271
 -28.21856 -28.23893 -28.25332 -28.26761 -28.28795 -28.30503 -28.32303 -28.34618
 -28.36175 -28.37642 -28.39559 -28.40924 -28.42247 -28.43949 -28.45169 -28.46417
 -28.28331 -28.29266 -28.30261 -28.31660 -28.32801 -28.34032 -28.35798 -28.37214
 -28.38677 -28.40568 -28.41859 -28.43155 -28.45036 -28.46542 -28.48059 -28.49990
 -28.51367 -28.52705 -28.54426 -28.55640 -28.56777 -28.58216 -28.59313 -28.60401
 -28.49365 -28.50172 -28.50992 -28.52074 -28.52942 -28.53898 -28.55322 -28.56482
 -28.57678 -28.59217 -28.60267 -28.61301 -28.62726 -28.63810 -28.64933 -28.66430
 -28.67446 -28.68417 -28.69728 -28.70702 -28.71566 -28.72555 -28.73366 -28.74210
 -28.60444 -28.61061 -28.61694 -28.62545 -28.63228 -28.63972 -28.65072 -28.65985
 -28.66963 -28.68243 -28.69068 -28.69850 -28.70897 -28.71640 -28.72427 -28.73562
 -28.74366 -28.75127 -28.76098 -28.76794 -28.77455 -28.78282 -28.78876 -28.79432
 -28.68326 -28.68747 -28.69181 -28.69778 -28.70262 -28.70792 -28.71574 -28.72226
 -28.72927 -28.73819 -28.74340 -28.74857 -28.75626 -28.76159 -28.76741 -28.77556
 -28.77987 -28.78393 -28.79016 -28.79428 -28.79879 -28.80523 -28.80834 -28.81100
 -28.72193 -28.72507 -28.72789 -28.73098 -28.73333 -28.73617 -28.74087 -28.74478
 -28.74862 -28.75364 -28.75776 -28.76139 -28.76464 -28.76665 -28.77001 -28.77611
 -28.77891 -28.78153 -28.78545 -28.78655 -28.78825 -28.79233 -28.79374 -28.79551
 -28.72129 -28.72279 -28.72447 -28.72705 -28.72924 -28.73162 -28.73484 -28.73701
 -28.73867 -28.74086 -28.74374 -28.74643 -28.74829 -28.74937 -28.75165 -28.75603
 -28.75771 -28.75899 -28.76135 -28.76274 -28.76413 -28.76648 -28.76816 -28.76903
 -28.68919 -28.68981 -28.69064 -28.69204 -28.69320 -28.69432 -28.69571 -28.69685
 -28.69822 -28.70007 -28.70098 -28.70201 -28.70390 -28.70512 -28.70620 -28.70783
 -28.70926 -28.70986 -28.70977 -28.71099 -28.71171 -28.71137 -28.71265 -28.71368
 -28.62366 -28.62440 -28.62508 -28.62570 -28.62593 -28.62596 -28.62590 -28.62621
 -28.62720 -28.62849 -28.62785 -28.62792 -28.62944 -28.62846 -28.62838 -28.63043
 -28.62936 -28.62944 -28.63272 -28.63231 -28.63124 -28.63196 -28.63315 -28.63391
 -28.57917 -28.58005 -28.58069 -28.58085 -28.58053 -28.57989 -28.57895 -28.57871
 -28.57939 -28.58022 -28.57863 -28.57815 -28.57937 -28.57674 -28.57592 -28.57857
 -28.57564 -28.57536 -28.58138 -28.57981 -28.57749 -28.57926 -28.58045 -28.58096
 -28.53205 -28.53308 -28.53367 -28.53336 -28.53244 -28.53110 -28.52921 -28.52840
 -28.52875 -28.52908 -28.52648 -28.52543 -28.52633 -28.52195 -28.52035 -28.52362
 -28.51872 -28.51807 -28.52698 -28.52419 -28.52055 -28.52343 -28.52462 -28.52487
 -28.47853 -28.47972 -28.48026 -28.47940 -28.47781 -28.47567 -28.47270 -28.47123
 -28.47120 -28.47099 -28.46723 -28.46552 -28.46606 -28.45969 -28.45719 -28.46118
 -28.45405 -28.45296 -28.46518 -28.46099 -28.45585 -28.45999 -28.46118 -28.46113
 -27.16708 -27.15156 -27.13030 -27.09402 -27.06106 -27.02306 -26.96240 -26.90653
 -26.84127 -26.74220 -26.65880 -26.56372 -26.40211 -26.25101 -26.07756 -25.81551
 -25.58526 -25.32656 -24.95516 -24.64257 -24.29007 -23.75882 -23.33995 -23.05301
 -27.25500 -27.24192 -27.22419 -27.19391 -27.16616 -27.13393 -27.08236 -27.03493
 -26.97965 -26.89578 -26.82514 -26.74442 -26.60671 -26.47751 -26.32880 -26.10352
 -25.90561 -25.68306 -25.36144 -25.08872 -24.77998 -24.31392 -23.94337 -23.66933
 -27.36577 -27.35576 -27.34248 -27.31974 -27.29857 -27.27361 -27.23349 -27.19669
 -27.15399 -27.08928 -27.03470 -26.97208 -26.86447 -26.76286 -26.64532 -26.46639
 -26.30921 -26.13221 -25.87329 -25.65080 -25.39721 -25.01328 -24.70359 -24.44580
 -27.43873 -27.43074 -27.42039 -27.40263 -27.38578 -27.36562 -27.33303 -27.30325
 -27.26882 -27.21673 -27.17273 -27.12204 -27.03425 -26.95082 -26.85382 -26.70540
 -26.57506 -26.42806 -26.21045 -26.02103 -25.80377 -25.47394 -25.20435 -24.95726
 -27.51608 -27.51022 -27.50298 -27.49049 -27.47823 -27.46315 -27.43855 -27.41620
 -27.39055 -27.35183 -27.31905 -27.28100 -27.21423 -27.15007 -27.07482 -26.95877
 -26.85686 -26.74167 -26.56784 -26.41350 -26.23473 -25.96225 -25.73515 -25.49941
 -27.59835 -27.59476 -27.59068 -27.58361 -27.57629 -27.56689 -27.55132 -27.53723
 -27.52118 -27.49697 -27.47634 -27.45206 -27.40851 -27.36578 -27.31481 -27.23498
 -27.16473 -27.08477 -26.95984 -26.84524 -26.71034 -26.50250 -26.32386 -26.12704
 -27.63883 -27.63621 -27.63306 -27.62789 -27.62303 -27.61717 -27.60747 -27.59834
 -27.58753 -27.57086 -27.55656 -27.53976 -27.50960 -27.47986 -27.44406 -27.38705
 -27.33615 -27.27734 -27.18328 -27.09572 -26.99141 -26.82693 -26.68280 -26.52177
 -27.69059 -27.68954 -27.68825 -27.68622 -27.68444 -27.68233 -27.67844 -27.67424
 -27.66880 -27.66019 -27.65296 -27.64421 -27.62676 -27.61039 -27.59157 -27.55875
 -27.52814 -27.49264 -27.43448 -27.37845 -27.31000 -27.20020 -27.10144 -26.98732
 -27.55516 -27.56129 -27.56774 -27.57646 -27.58295 -27.58924 -27.59731 -27.60330
 -27.60910 -27.61592 -27.62007 -27.62332 -27.62699 -27.63015 -27.63303 -27.63242
 -27.62797 -27.61989 -27.60167 -27.58115 -27.55383 -27.50555 -27.45870 -27.40119
 -27.34401 -27.35434 -27.36518 -27.38030 -27.39233 -27.40485 -27.42218 -27.43592
 -27.44994 -27.46784 -27.48025 -27.49213 -27.51016 -27.52732 -27.54688 -27.57039
 -27.58398 -27.59330 -27.59813 -27.59657 -27.59107 -27.57767 -27.56077 -27.53599
 -27.14925 -27.16217 -27.17586 -27.19511 -27.21049 -27.22658 -27.24911 -27.26725
 -27.28616 -27.31128 -27.32980 -27.34845 -27.37670 -27.40327 -27.43449 -27.47707
 -27.50473 -27.52625 -27.54684 -27.55805 -27.56670 -27.57530 -27.57825 -27.57652
 -27.03918 -27.05282 -27.06753 -27.08846 -27.10527 -27.12292 -27.14788 -27.16826
 -27.18977 -27.21854 -27.23976 -27.26118 -27.29427 -27.32615 -27.36416 -27.41623
 -27.45079 -27.47886 -27.50789 -27.52592 -27.54189 -27.56025 -27.57177 -27.58103
 -27.02082 -27.03452 -27.04911 -27.06971 -27.08626 -27.10371 -27.12857 -27.14905
 -27.17077 -27.19987 -27.22124 -27.24287 -27.27676 -27.30920 -27.34744 -27.39988
 -27.43572 -27.46566 -27.49571 -27.51443 -27.53166 -27.55146 -27.56489 -27.57730
 -27.04424 -27.05708 -27.07083 -27.09025 -27.10575 -27.12200 -27.14512 -27.16426
 -27.18466 -27.21203 -27.23209 -27.25225 -27.28360 -27.31333 -27.34866 -27.39865
 -27.43289 -27.46099 -27.48973 -27.50760 -27.52376 -27.54283 -27.55642 -27.56975
 -27.13810 -27.14919 -27.16116 -27.17818 -27.19184 -27.20618 -27.22656 -27.24334
 -27.26120 -27.28538 -27.30345 -27.32150 -27.34782 -27.37284 -27.40355 -27.44753
 -27.47833 -27.50410 -27.52992 -27.54582 -27.56057 -27.57813 -27.59040 -27.60271
 -27.23698 -27.24718 -27.25817 -27.27376 -27.28625 -27.29937 -27.31818 -27.33390
 -27.35076 -27.37325 -27.38938 -27.40519 -27.42941 -27.45176 -27.47849 -27.51896
 -27.54728 -27.57028 -27.59562 -27.61090 -27.62343 -27.63962 -27.65193 -27.66453
 -27.36862 -27.37798 -27.38833 -27.40307 -27.41469 -27.42667 -27.44373 -27.45811
 -27.47370 -27.49476 -27.51000 -27.52482 -27.54647 -27.56601 -27.58916 -27.62394
 -27.64907 -27.67016 -27.69320 -27.70731 -27.71941 -27.73519 -27.74720 -27.75959
 -27.54363 -27.55231 -27.56205 -27.57593 -27.58670 -27.59761 -27.61308 -27.62624
 -27.64073 -27.66074 -27.67566 -27.68986 -27.70790 -27.72374 -27.74317 -27.77236
 -27.79417 -27.81291 -27.83148 -27.84395 -27.85685 -27.87206 -27.88390 -27.89719
 -27.68004 -27.68830 -27.69744 -27.71038 -27.72041 -27.73064 -27.74532 -27.75800
 -27.77199 -27.79074 -27.80380 -27.81610 -27.83443 -27.85021 -27.86741 -27.89159
 -27.90952 -27.92552 -27.94256 -27.95520 -27.96836 -27.98164 -27.99194 -28.00473
 -27.88040 -27.88729 -27.89493 -27.90586 -27.91450 -27.92350 -27.93669 -27.94825
 -27.96114 -27.97888 -27.99174 -28.00382 -28.01972 -28.03266 -28.04676 -28.06632
 -28.08091 -28.09449 -28.11021 -28.12104 -28.13142 -28.14433 -28.15454 -28.16570
 -28.12127 -28.12741 -28.13437 -28.14447 -28.15248 -28.16070 -28.17211 -28.18135
 -28.19118 -28.20495 -28.21583 -28.22666 -28.23979 -28.24971 -28.26036 -28.27495
 -28.28587 -28.29616 -28.30821 -28.31682 -28.32536 -28.33600 -28.34439 -28.35355
 -28.25943 -28.26436 -28.27004 -28.27837 -28.28502 -28.29186 -28.30138 -28.30907
 -28.31728 -28.32890 -28.33827 -28.34762 -28.35839 -28.36604 -28.37418 -28.38595
 -28.39458 -28.40226 -28.41162 -28.41863 -28.42570 -28.43449 -28.44088 -28.44749
 -28.37221 -28.37601 -28.38029 -28.38652 -28.39153 -28.39677 -28.40409 -28.41002
 -28.41630 -28.42508 -28.43203 -28.43878 -28.44625 -28.45194 -28.45836 -28.46665
 -28.47252 -28.47810 -28.48498 -28.48994 -28.49469 -28.50054 -28.50501 -28.50982
 -28.44765 -28.45016 -28.45299 -28.45710 -28.46037 -28.46373 -28.46835 -28.47201
 -28.47584 -28.48115 -28.48535 -28.48963 -28.49502 -28.49884 -28.50244 -28.50690
 -28.51041 -28.51412 -28.51872 -28.52178 -28.52449 -28.52784 -28.53039 -28.53322
 -28.46765 -28.46942 -28.47114 -28.47346 -28.47536 -28.47745 -28.48046 -28.48291
 -28.48550 -28.48910 -28.49193 -28.49477 -28.49835 -28.50123 -28.50413 -28.50685
 -28.50861 -28.51078 -28.51434 -28.51676 -28.51864 -28.52109 -28.52243 -28.52352
 -28.45735 -28.45802 -28.45910 -28.46088 -28.46228 -28.46359 -28.46519 -28.46632
 -28.46745 -28.46922 -28.47095 -28.47278 -28.47422 -28.47499 -28.47607 -28.47815
 -28.47950 -28.48035 -28.48157 -28.48251 -28.48353 -28.48562 -28.48694 -28.48763
 -28.40379 -28.40437 -28.40460 -28.40471 -28.40493 -28.40539 -28.40618 -28.40679
 -28.40734 -28.40804 -28.40860 -28.40916 -28.40982 -28.41049 -28.41129 -28.41181
 -28.41224 -28.41301 -28.41392 -28.41419 -28.41417 -28.41450 -28.41494 -28.41547
 -28.35422 -28.35448 -28.35484 -28.35537 -28.35574 -28.35606 -28.35634 -28.35643
 -28.35648 -28.35680 -28.35748 -28.35823 -28.35804 -28.35812 -28.35882 -28.35878
 -28.35895 -28.35967 -28.35946 -28.35963 -28.36064 -28.36091 -28.36051 -28.36033
 -28.30060 -28.30047 -28.30104 -28.30220 -28.30286 -28.30308 -28.30281 -28.30232
 -28.30180 -28.30174 -28.30264 -28.30368 -28.30255 -28.30191 -28.30247 -28.30190
 -28.30187 -28.30253 -28.30098 -28.30105 -28.30332 -28.30367 -28.30237 -28.30140
 -28.23965 -28.23908 -28.23988 -28.24176 -28.24274 -28.24284 -28.24195 -28.24080
 -28.23965 -28.23914 -28.24029 -28.24168 -28.23947 -28.23800 -28.23841 -28.23725
 -28.23698 -28.23758 -28.23451 -28.23447 -28.23817 -28.23860 -28.23629 -28.23441
 -26.89745 -26.88495 -26.87059 -26.84525 -26.81993 -26.78895 -26.73863 -26.69187
 -26.63559 -26.54394 -26.46294 -26.37511 -26.25107 -26.13546 -25.98450 -25.73208
 -25.51643 -25.28551 -24.92191 -24.61304 -24.28803 -23.79229 -23.37359 -22.93334
 -26.99676 -26.98589 -26.97342 -26.95148 -26.92961 -26.90282 -26.85919 -26.81861
 -26.76984 -26.69059 -26.62057 -26.54445 -26.43641 -26.33553 -26.20397 -25.98409
 -25.79555 -25.59282 -25.27431 -25.00313 -24.71583 -24.27612 -23.90315 -23.50893
 -27.12186 -27.11307 -27.10296 -27.08533 -27.06780 -27.04629 -27.01109 -26.97830
 -26.93898 -26.87536 -26.81917 -26.75780 -26.66992 -26.58759 -26.48047 -26.30160
 -26.14722 -25.98000 -25.71828 -25.49458 -25.25479 -24.88568 -24.57031 -24.23410
 -27.20427 -27.19684 -27.18829 -27.17349 -27.15882 -27.14079 -27.11113 -27.08348
 -27.05038 -26.99707 -26.94998 -26.89833 -26.82373 -26.75362 -26.66260 -26.51073
 -26.37886 -26.23503 -26.01072 -25.81830 -25.60981 -25.28720 -25.00977 -24.71176
 -27.29162 -27.28564 -27.27874 -27.26694 -27.25531 -27.24096 -27.21719 -27.19497
 -27.16848 -27.12607 -27.08864 -27.04730 -26.98677 -26.92962 -26.85567 -26.73244
 -26.62443 -26.50540 -26.32075 -26.16148 -25.98617 -25.71286 -25.47565 -25.21814
 -27.39092 -27.38658 -27.38157 -27.37317 -27.36499 -27.35483 -27.33775 -27.32171
 -27.30273 -27.27273 -27.24628 -27.21665 -27.17215 -27.12975 -27.07525 -26.98467
 -26.90385 -26.81308 -26.67360 -26.55206 -26.41448 -26.19724 -26.00577 -25.79430
 -27.45988 -27.45666 -27.45295 -27.44695 -27.44119 -27.43395 -27.42151 -27.40973
 -27.39587 -27.37434 -27.35539 -27.33385 -27.30061 -27.26863 -27.22781 -27.16027
 -27.09879 -27.02810 -26.92029 -26.82517 -26.71426 -26.53671 -26.37781 -26.19934
 -27.52548 -27.52394 -27.52221 -27.51964 -27.51718 -27.51378 -27.50713 -27.50037
 -27.49226 -27.47973 -27.46882 -27.45652 -27.43775 -27.41964 -27.39650 -27.35891
 -27.32385 -27.28132 -27.21348 -27.15126 -27.07646 -26.95351 -26.84131 -26.71251
 -27.41356 -27.41941 -27.42474 -27.43120 -27.43576 -27.44010 -27.44558 -27.44955
 -27.45335 -27.45812 -27.46134 -27.46401 -27.46704 -27.47022 -27.47516 -27.48193
 -27.48376 -27.47958 -27.46224 -27.43952 -27.40815 -27.35162 -27.29612 -27.22804
 -27.22956 -27.24073 -27.25144 -27.26574 -27.27686 -27.28819 -27.30343 -27.31520
 -27.32730 -27.34412 -27.35751 -27.37172 -27.39324 -27.41438 -27.44180 -27.48383
 -27.51152 -27.52939 -27.53902 -27.53735 -27.52862 -27.50596 -27.48012 -27.44584
 -27.07442 -27.08875 -27.10273 -27.12183 -27.13703 -27.15275 -27.17424 -27.19123
 -27.20925 -27.23546 -27.25717 -27.28074 -27.31705 -27.35375 -27.40145 -27.47113
 -27.51805 -27.55371 -27.58318 -27.59529 -27.60123 -27.60125 -27.59622 -27.58608
 -27.00289 -27.01868 -27.03407 -27.05545 -27.07280 -27.09104 -27.11634 -27.13656
 -27.15807 -27.18940 -27.21574 -27.24522 -27.29238 -27.33929 -27.39820 -27.48417
 -27.54234 -27.58687 -27.62569 -27.64495 -27.65935 -27.67232 -27.67864 -27.68192
 -27.00924 -27.02565 -27.04172 -27.06399 -27.08200 -27.10093 -27.12725 -27.14836
 -27.17090 -27.20387 -27.23169 -27.26289 -27.31272 -27.36173 -27.42236 -27.50931
 -27.56741 -27.61191 -27.65214 -27.67267 -27.68816 -27.70423 -27.71384 -27.72132
 -27.07394 -27.09023 -27.10633 -27.12855 -27.14640 -27.16504 -27.19085 -27.21156
 -27.23383 -27.26674 -27.29453 -27.32525 -27.37277 -27.41816 -27.47351 -27.55203
 -27.60279 -27.64036 -27.67502 -27.69329 -27.70741 -27.72334 -27.73381 -27.74288
 -27.21412 -27.22891 -27.24363 -27.26420 -27.28082 -27.29811 -27.32170 -27.34032
 -27.36012 -27.38904 -27.41318 -27.43948 -27.47920 -27.51619 -27.55999 -27.61936
 -27.65701 -27.68519 -27.71133 -27.72539 -27.73629 -27.74929 -27.75863 -27.76747
 -27.33286 -27.34665 -27.36029 -27.37918 -27.39433 -27.41008 -27.43161 -27.44862
 -27.46665 -27.49274 -27.51429 -27.53749 -27.57181 -27.60267 -27.63848 -27.68742
 -27.71853 -27.74164 -27.76343 -27.77598 -27.78663 -27.79845 -27.80699 -27.81620
 -27.47591 -27.48865 -27.50125 -27.51848 -27.53216 -27.54633 -27.56578 -27.58120
 -27.59757 -27.62120 -27.64048 -27.66076 -27.68964 -27.71484 -27.74379 -27.78339
 -27.80936 -27.82959 -27.84886 -27.85977 -27.86905 -27.88066 -27.88941 -27.89837
 -27.65620 -27.66749 -27.67866 -27.69402 -27.70630 -27.71909 -27.73671 -27.75056
 -27.76490 -27.78475 -27.80056 -27.81733 -27.84177 -27.86281 -27.88615 -27.91768
 -27.93802 -27.95375 -27.97071 -27.98130 -27.99034 -28.00316 -28.01286 -28.02162
 -27.78915 -27.79899 -27.80883 -27.82327 -27.83526 -27.84749 -27.86311 -27.87484
 -27.88736 -27.90636 -27.92213 -27.93800 -27.95811 -27.97454 -27.99356 -28.01931
 -28.03654 -28.05087 -28.06627 -28.07613 -28.08524 -28.09754 -28.10707 -28.11653
 -27.97230 -27.98112 -27.98983 -28.00223 -28.01237 -28.02282 -28.03661 -28.04709
 -28.05795 -28.07332 -28.08568 -28.09840 -28.11557 -28.12876 -28.14228 -28.16078
 -28.17412 -28.18582 -28.19847 -28.20700 -28.21567 -28.22729 -28.23635 -28.24567
 -28.17562 -28.18223 -28.18884 -28.19836 -28.20615 -28.21413 -28.22447 -28.23220
 -28.24011 -28.25125 -28.26016 -28.26927 -28.28133 -28.29008 -28.29846 -28.30996
 -28.31835 -28.32588 -28.33533 -28.34206 -28.34839 -28.35756 -28.36480 -28.37170
 -28.27512 -28.28024 -28.28533 -28.29260 -28.29851 -28.30454 -28.31231 -28.31811
 -28.32407 -28.33251 -28.33921 -28.34589 -28.35432 -28.36031 -28.36610 -28.37369
 -28.37926 -28.38460 -28.39168 -28.39687 -28.40176 -28.40832 -28.41368 -28.41927
 -28.34128 -28.34484 -28.34834 -28.35333 -28.35738 -28.36146 -28.36662 -28.37040
 -28.37427 -28.37982 -28.38425 -28.38860 -28.39389 -28.39772 -28.40155 -28.40625
 -28.40977 -28.41346 -28.41767 -28.42072 -28.42415 -28.42846 -28.43151 -28.43478
 -28.36537 -28.36726 -28.36908 -28.37175 -28.37401 -28.37636 -28.37944 -28.38173
 -28.38404 -28.38719 -28.38961 -28.39198 -28.39493 -28.39712 -28.39926 -28.40150
 -28.40321 -28.40531 -28.40749 -28.40898 -28.41091 -28.41370 -28.41577 -28.41774
 -28.35548 -28.35642 -28.35737 -28.35912 -28.36081 -28.36257 -28.36467 -28.36605
 -28.36736 -28.36915 -28.37057 -28.37203 -28.37396 -28.37547 -28.37690 -28.37809
 -28.37903 -28.38045 -28.38171 -28.38250 -28.38380 -28.38574 -28.38723 -28.38866
 -28.31700 -28.31756 -28.31806 -28.31874 -28.31931 -28.31997 -28.32102 -28.32189
 -28.32274 -28.32367 -28.32426 -28.32481 -28.32559 -28.32621 -28.32682 -28.32760
 -28.32818 -28.32878 -28.32954 -28.33011 -28.33069 -28.33148 -28.33207 -28.33263
 -28.24550 -28.24572 -28.24592 -28.24617 -28.24637 -28.24663 -28.24713 -28.24757
 -28.24797 -28.24832 -28.24849 -28.24872 -28.24925 -28.24953 -28.24956 -28.24999
 -28.25027 -28.25018 -28.25063 -28.25105 -28.25098 -28.25118 -28.25172 -28.25224
 -28.19009 -28.19031 -28.19057 -28.19086 -28.19104 -28.19118 -28.19136 -28.19151
 -28.19169 -28.19201 -28.19225 -28.19238 -28.19229 -28.19242 -28.19290 -28.19307
 -28.19289 -28.19286 -28.19325 -28.19356 -28.19358 -28.19345 -28.19355 -28.19389
 -28.12841 -28.12863 -28.12880 -28.12881 -28.12871 -28.12865 -28.12883 -28.12910
 -28.12930 -28.12921 -28.12902 -28.12901 -28.12963 -28.13001 -28.12984 -28.12973
 -28.12982 -28.12982 -28.12973 -28.12960 -28.12952 -28.13008 -28.13049 -28.13039
 -28.05793 -28.05814 -28.05819 -28.05781 -28.05736 -28.05706 -28.05730 -28.05777
 -28.05802 -28.05741 -28.05665 -28.05648 -28.05812 -28.05884 -28.05775 -28.05732
 -28.05786 -28.05787 -28.05716 -28.05647 -28.05626 -28.05776 -28.05866 -28.05801
 -26.87863 -26.85565 -26.83443 -26.80630 -26.78231 -26.75402 -26.70788 -26.66487
 -26.61333 -26.52911 -26.45094 -26.36071 -26.23121 -26.13212 -26.02172 -25.80356
 -25.59653 -25.37138 -25.02715 -24.72093 -24.37562 -23.87714 -23.46197 -23.00455
 -26.92609 -26.90659 -26.88850 -26.86441 -26.84378 -26.81939 -26.77952 -26.74225
 -26.69753 -26.62441 -26.55655 -26.47819 -26.36540 -26.27862 -26.18165 -25.99080
 -25.80939 -25.61125 -25.30772 -25.03776 -24.73313 -24.29120 -23.92105 -23.51170
 -26.98589 -26.97075 -26.95662 -26.93761 -26.92123 -26.90176 -26.86978 -26.83975
 -26.80362 -26.74448 -26.68960 -26.62620 -26.53445 -26.46318 -26.38313 -26.22669
 -26.07758 -25.91346 -25.66121 -25.43692 -25.18354 -24.81286 -24.49943 -24.15065
 -27.02527 -27.01302 -27.00149 -26.98583 -26.97224 -26.95601 -26.92923 -26.90397
 -26.87349 -26.82356 -26.77725 -26.72369 -26.64581 -26.58475 -26.51585 -26.38206
 -26.25423 -26.11253 -25.89405 -25.69985 -25.48021 -25.15647 -24.88040 -24.57152
 -27.06702 -27.05782 -27.04905 -27.03695 -27.02631 -27.01352 -26.99224 -26.97204
 -26.94756 -26.90739 -26.87015 -26.82703 -26.76384 -26.71362 -26.65653 -26.54677
 -26.44148 -26.32354 -26.14087 -25.97855 -25.79470 -25.52070 -25.28424 -25.01764
 -27.11449 -27.10876 -27.10312 -27.09506 -27.08778 -27.07890 -27.06388 -27.04943
 -27.03177 -27.00270 -26.97576 -26.94451 -26.89803 -26.86011 -26.81646 -26.73400
 -26.65435 -26.56341 -26.42145 -26.29538 -26.15220 -25.93476 -25.74331 -25.52480
 -27.14816 -27.14489 -27.14149 -27.13628 -27.13139 -27.12528 -27.11471 -27.10433
 -27.09151 -27.07031 -27.05069 -27.02786 -26.99324 -26.96405 -26.92993 -26.86685
 -26.80538 -26.73361 -26.62052 -26.52018 -26.40586 -26.22855 -26.06904 -25.88464
 -27.17762 -27.17831 -27.17842 -27.17762 -27.17631 -27.17430 -27.17019 -27.16567
 -27.15972 -27.14948 -27.13983 -27.12834 -27.10985 -27.09295 -27.07241 -27.03575
 -26.99916 -26.95423 -26.88171 -26.81695 -26.74228 -26.62134 -26.50742 -26.37167
 -27.09885 -27.10642 -27.11244 -27.11863 -27.12266 -27.12644 -27.13084 -27.13346
 -27.13530 -27.13642 -27.13618 -27.13493 -27.13155 -27.12756 -27.12176 -27.10926
 -27.09595 -27.07923 -27.05037 -27.02246 -26.98837 -26.93100 -26.87374 -26.80117
 -27.04827 -27.05885 -27.06754 -27.07694 -27.08336 -27.08966 -27.09759 -27.10306
 -27.10795 -27.11353 -27.11708 -27.11999 -27.12246 -27.12299 -27.12207 -27.11819
 -27.11339 -27.10686 -27.09412 -27.08113 -27.06471 -27.03481 -27.00405 -26.96447
 -27.04526 -27.05775 -27.06804 -27.07927 -27.08706 -27.09483 -27.10484 -27.11198
 -27.11862 -27.12671 -27.13237 -27.13757 -27.14322 -27.14616 -27.14782 -27.14853
 -27.14826 -27.14710 -27.14277 -27.13758 -27.13063 -27.11640 -27.10107 -27.08133
 -27.10642 -27.11981 -27.13097 -27.14332 -27.15196 -27.16062 -27.17184 -27.17989
 -27.18745 -27.19681 -27.20351 -27.20985 -27.21714 -27.22140 -27.22456 -27.22790
 -27.22970 -27.23070 -27.23110 -27.23030 -27.22802 -27.22224 -27.21548 -27.20642
 -27.18156 -27.19519 -27.20669 -27.21946 -27.22829 -27.23697 -27.24814 -27.25628
 -27.26408 -27.27387 -27.28090 -27.28752 -27.29529 -27.30012 -27.30408 -27.30860
 -27.31104 -27.31257 -27.31478 -27.31559 -27.31473 -27.31211 -27.30870 -27.30354
 -27.31142 -27.32463 -27.33556 -27.34762 -27.35611 -27.36470 -27.37588 -27.38391
 -27.39144 -27.40098 -27.40816 -27.41528 -27.42371 -27.42861 -27.43222 -27.43664
 -27.43995 -27.44302 -27.44628 -27.44784 -27.44863 -27.44910 -27.44874 -27.44738
 -27.47906 -27.49047 -27.50003 -27.51069 -27.51818 -27.52570 -27.53557 -27.54284
 -27.54982 -27.55852 -27.56463 -27.57031 -27.57726 -27.58219 -27.58657 -27.59056
 -27.59374 -27.59789 -27.60229 -27.60503 -27.60783 -27.61090 -27.61382 -27.61753
 -27.58666 -27.59663 -27.60511 -27.61463 -27.62125 -27.62776 -27.63616 -27.64229
 -27.64820 -27.65572 -27.66123 -27.66655 -27.67309 -27.67750 -27.68137 -27.68584
 -27.68913 -27.69260 -27.69742 -27.70147 -27.70582 -27.71122 -27.71618 -27.72226
 -27.70305 -27.71155 -27.71888 -27.72719 -27.73293 -27.73850 -27.74562 -27.75079
 -27.75579 -27.76221 -27.76700 -27.77177 -27.77815 -27.78309 -27.78761 -27.79104
 -27.79326 -27.79665 -27.80207 -27.80620 -27.81064 -27.81918 -27.82631 -27.83279
 -27.83884 -27.84529 -27.85105 -27.85788 -27.86276 -27.86756 -27.87377 -27.87832
 -27.88271 -27.88823 -27.89215 -27.89593 -27.90106 -27.90531 -27.90939 -27.91222
 -27.91453 -27.91855 -27.92363 -27.92695 -27.93095 -27.94017 -27.94813 -27.95522
 -27.92812 -27.93334 -27.93850 -27.94489 -27.94921 -27.95307 -27.95793 -27.96181
 -27.96594 -27.97113 -27.97430 -27.97674 -27.98002 -27.98347 -27.98757 -27.99109
 -27.99327 -27.99626 -28.00060 -28.00425 -28.00873 -28.01687 -28.02455 -28.03299
 -28.02838 -28.03253 -28.03603 -28.03999 -28.04281 -28.04568 -28.04948 -28.05231
 -28.05507 -28.05870 -28.06148 -28.06429 -28.06789 -28.07039 -28.07259 -28.07492
 -28.07680 -28.07909 -28.08227 -28.08546 -28.08980 -28.09655 -28.10275 -28.11006
 -28.11316 -28.11560 -28.11767 -28.12007 -28.12188 -28.12380 -28.12630 -28.12800
 -28.12948 -28.13135 -28.13289 -28.13460 -28.13688 -28.13842 -28.13975 -28.14156
 -28.14320 -28.14502 -28.14723 -28.14928 -28.15217 -28.15702 -28.16160 -28.16696
 -28.15363 -28.15528 -28.15665 -28.15823 -28.15944 -28.16076 -28.16252 -28.16373
 -28.16481 -28.16616 -28.16724 -28.16844 -28.17008 -28.17127 -28.17234 -28.17356
 -28.17466 -28.17604 -28.17771 -28.17936 -28.18174 -28.18548 -28.18879 -28.19267
 -28.18421 -28.18525 -28.18612 -28.18712 -28.18783 -28.18858 -28.18962 -28.19047
 -28.19136 -28.19253 -28.19334 -28.19408 -28.19505 -28.19585 -28.19668 -28.19750
 -28.19812 -28.19892 -28.20005 -28.20127 -28.20296 -28.20535 -28.20765 -28.21070
 -28.19655 -28.19716 -28.19765 -28.19820 -28.19865 -28.19917 -28.19993 -28.20050
 -28.20104 -28.20160 -28.20184 -28.20197 -28.20229 -28.20293 -28.20380 -28.20440
 -28.20475 -28.20541 -28.20656 -28.20722 -28.20773 -28.20921 -28.21077 -28.21245
 -28.18912 -28.18941 -28.18961 -28.18987 -28.19017 -28.19060 -28.19122 -28.19162
 -28.19190 -28.19215 -28.19227 -28.19239 -28.19266 -28.19303 -28.19355 -28.19420
 -28.19437 -28.19438 -28.19529 -28.19605 -28.19642 -28.19738 -28.19833 -28.19926
 -28.15701 -28.15707 -28.15723 -28.15750 -28.15772 -28.15792 -28.15815 -28.15832
 -28.15848 -28.15872 -28.15895 -28.15920 -28.15946 -28.15948 -28.15945 -28.15987
 -28.16014 -28.16010 -28.16041 -28.16084 -28.16122 -28.16172 -28.16203 -28.16238
 -28.09278 -28.09294 -28.09294 -28.09281 -28.09276 -28.09283 -28.09301 -28.09315
 -28.09327 -28.09333 -28.09328 -28.09318 -28.09313 -28.09330 -28.09359 -28.09365
 -28.09355 -28.09354 -28.09372 -28.09389 -28.09401 -28.09419 -28.09451 -28.09493
 -28.04144 -28.04156 -28.04164 -28.04170 -28.04169 -28.04166 -28.04164 -28.04168
 -28.04179 -28.04197 -28.04206 -28.04210 -28.04208 -28.04204 -28.04201 -28.04201
 -28.04202 -28.04202 -28.04204 -28.04220 -28.04247 -28.04249 -28.04251 -28.04274
 -27.98121 -27.98124 -27.98135 -27.98153 -27.98164 -27.98168 -27.98166 -27.98163
 -27.98158 -27.98153 -27.98151 -27.98149 -27.98150 -27.98151 -27.98153 -27.98154
 -27.98151 -27.98149 -27.98180 -27.98196 -27.98186 -27.98183 -27.98183 -27.98176
 -27.90901 -27.90899 -27.90890 -27.90874 -27.90865 -27.90861 -27.90862 -27.90866
 -27.90870 -27.90876 -27.90879 -27.90880 -27.90880 -27.90879 -27.90877 -27.90875
 -27.90878 -27.90880 -27.90853 -27.90841 -27.90852 -27.90847 -27.90860 -27.90877
 -26.37370 -26.36499 -26.35212 -26.32981 -26.31004 -26.28877 -26.25856 -26.23095
 -26.19578 -26.13347 -26.07385 -26.00356 -25.89475 -25.80143 -25.69966 -25.54556
 -25.38992 -25.19383 -24.88060 -24.60011 -24.29336 -23.86512 -23.49175 -23.06608
 -26.49232 -26.48451 -26.47306 -26.45336 -26.43592 -26.41710 -26.39019 -26.36551
 -26.33411 -26.27859 -26.22551 -26.16297 -26.06611 -25.98297 -25.89220 -25.75451
 -25.61535 -25.44009 -25.16038 -24.90991 -24.63537 -24.25036 -23.91436 -23.53089
 -26.64177 -26.63510 -26.62543 -26.60901 -26.59452 -26.57877 -26.55602 -26.53504
 -26.50839 -26.46142 -26.41660 -26.36380 -26.28201 -26.21169 -26.13476 -26.01777
 -25.89937 -25.75035 -25.51288 -25.30021 -25.06625 -24.73572 -24.44680 -24.11649
 -26.74021 -26.73428 -26.72579 -26.71154 -26.69898 -26.68527 -26.66525 -26.64671
 -26.62318 -26.58185 -26.54246 -26.49609 -26.42421 -26.36235 -26.29454 -26.19117
 -26.08645 -25.95471 -25.74506 -25.55730 -25.35008 -25.05541 -24.79751 -24.50222
 -26.84455 -26.83943 -26.83218 -26.82022 -26.80971 -26.79815 -26.78103 -26.76508
 -26.74487 -26.70950 -26.67588 -26.63631 -26.57495 -26.52205 -26.46391 -26.37498
 -26.28475 -26.17134 -25.99118 -25.82982 -25.65093 -25.39430 -25.16927 -24.91109
 -26.96318 -26.95895 -26.95312 -26.94377 -26.93559 -26.92648 -26.91266 -26.89965
 -26.88320 -26.85462 -26.82755 -26.79572 -26.74632 -26.70359 -26.65644 -26.58393
 -26.51019 -26.41760 -26.27097 -26.13962 -25.99294 -25.77954 -25.59188 -25.37590
 -27.04734 -27.04375 -27.03893 -27.03143 -27.02491 -27.01753 -27.00605 -26.99512
 -26.98134 -26.95758 -26.93516 -26.90882 -26.86790 -26.83240 -26.79305 -26.73219
 -26.67014 -26.59233 -26.46949 -26.35943 -26.23560 -26.05288 -25.89173 -25.70569
 -27.16597 -27.16328 -27.15987 -27.15498 -27.15078 -27.14585 -27.13766 -27.12968
 -27.11966 -27.10268 -27.08681 -27.06820 -27.03923 -27.01390 -26.98553 -26.94108
 -26.89550 -26.83851 -26.74916 -26.66910 -26.57746 -26.43795 -26.31416 -26.17030
 -27.31703 -27.31554 -27.31362 -27.31077 -27.30830 -27.30539 -27.30061 -27.29596
 -27.29011 -27.28018 -27.27096 -27.26027 -27.24376 -27.22907 -27.21208 -27.18467
 -27.15742 -27.12337 -27.06807 -27.01826 -26.96076 -26.87082 -26.79019 -26.69465
 -27.41721 -27.41614 -27.41481 -27.41300 -27.41147 -27.40967 -27.40659 -27.40345
 -27.39936 -27.39219 -27.38552 -27.37789 -27.36637 -27.35617 -27.34428 -27.32482
 -27.30538 -27.28113 -27.24168 -27.20570 -27.16392 -27.09854 -27.03907 -26.96772
 -27.52343 -27.52282 -27.52207 -27.52102 -27.52009 -27.51892 -27.51679 -27.51465
 -27.51199 -27.50753 -27.50335 -27.49839 -27.49046 -27.48327 -27.47491 -27.46149
 -27.44838 -27.43199 -27.40469 -27.37941 -27.35013 -27.30473 -27.26249 -27.21132
 -27.64446 -27.64371 -27.64281 -27.64170 -27.64098 -27.64039 -27.63973 -27.63902
 -27.63784 -27.63521 -27.63245 -27.62914 -27.62401 -27.61943 -27.61410 -27.60555
 -27.59746 -27.58728 -27.56969 -27.55323 -27.53421 -27.50467 -27.47702 -27.44336
 -27.72868 -27.72838 -27.72802 -27.72757 -27.72723 -27.72685 -27.72621 -27.72554
 -27.72464 -27.72298 -27.72124 -27.71900 -27.71515 -27.71159 -27.70751 -27.70127
 -27.69554 -27.68844 -27.67605 -27.66382 -27.64968 -27.62887 -27.60890 -27.58411
 -27.84536 -27.84500 -27.84474 -27.84480 -27.84493 -27.84486 -27.84420 -27.84342
 -27.84262 -27.84170 -27.84091 -27.83980 -27.83756 -27.83534 -27.83275 -27.82874
 -27.82486 -27.82003 -27.81226 -27.80557 -27.79790 -27.78497 -27.77204 -27.75652
 -27.98488 -27.98431 -27.98376 -27.98339 -27.98334 -27.98340 -27.98352 -27.98350
 -27.98327 -27.98252 -27.98175 -27.98096 -27.97999 -27.97922 -27.97828 -27.97660
 -27.97496 -27.97293 -27.96917 -27.96475 -27.96007 -27.95526 -27.94888 -27.94021
 -28.06655 -28.06667 -28.06671 -28.06653 -28.06629 -28.06609 -28.06596 -28.06590
 -28.06578 -28.06542 -28.06503 -28.06460 -28.06400 -28.06348 -28.06284 -28.06177
 -28.06098 -28.06005 -28.05787 -28.05487 -28.05174 -28.04921 -28.04557 -28.04026
 -28.12253 -28.12252 -28.12249 -28.12240 -28.12234 -28.12231 -28.12237 -28.12241
 -28.12236 -28.12211 -28.12185 -28.12160 -28.12137 -28.12119 -28.12090 -28.12028
 -28.11979 -28.11918 -28.11798 -28.11710 -28.11602 -28.11360 -28.11171 -28.10975
 -28.03509 -28.03510 -28.03510 -28.03512 -28.03514 -28.03515 -28.03515 -28.03514
 -28.03513 -28.03509 -28.03506 -28.03504 -28.03503 -28.03503 -28.03500 -28.03492
 -28.03489 -28.03488 -28.03477 -28.03440 -28.03412 -28.03413 -28.03225 -28.02972
 -27.87604 -27.87604 -27.87603 -27.87602 -27.87600 -27.87600 -27.87601 -27.87603
 -27.87607 -27.87612 -27.87614 -27.87613 -27.87604 -27.87596 -27.87592 -27.87596
 -27.87599 -27.87599 -27.87607 -27.87649 -27.87716 -27.87764 -27.87668 -27.87531
 -27.64921 -27.64921 -27.64921 -27.64922 -27.64922 -27.64922 -27.64919 -27.64916
 -27.64912 -27.64906 -27.64905 -27.64910 -27.64930 -27.64947 -27.64956 -27.64955
 -27.64961 -27.64957 -27.64929 -27.65030 -27.65159 -27.65144 -27.65234 -27.65387
 -27.52753 -27.52754 -27.52751 -27.52741 -27.52738 -27.52749 -27.52795 -27.52838
 -27.52871 -27.52882 -27.52876 -27.52873 -27.52887 -27.52906 -27.52922 -27.52926
 -27.52912 -27.52920 -27.53013 -27.53053 -27.53067 -27.53145 -27.53226 -27.53307
 -27.53264 -27.53265 -27.53264 -27.53258 -27.53256 -27.53263 -27.53288 -27.53312
 -27.53333 -27.53344 -27.53342 -27.53334 -27.53321 -27.53313 -27.53313 -27.53317
 -27.53297 -27.53308 -27.53448 -27.53469 -27.53454 -27.53610 -27.53724 -27.53796
 -27.58590 -27.58590 -27.58590 -27.58591 -27.58591 -27.58591 -27.58587 -27.58584
 -27.58582 -27.58581 -27.58582 -27.58582 -27.58580 -27.58580 -27.58584 -27.58589
 -27.58568 -27.58580 -27.58731 -27.58786 -27.58767 -27.58778 -27.58856 -27.58975
 -27.67616 -27.67616 -27.67616 -27.67616 -27.67616 -27.67616 -27.67617 -27.67618
 -27.67619 -27.67619 -27.67619 -27.67619 -27.67617 -27.67617 -27.67618 -27.67619
 -27.67613 -27.67616 -27.67656 -27.67647 -27.67654 -27.67803 -27.67838 -27.67839
 -27.74242 -27.74242 -27.74242 -27.74242 -27.74242 -27.74242 -27.74241 -27.74240
 -27.74240 -27.74239 -27.74240 -27.74240 -27.74240 -27.74241 -27.74241 -27.74240
 -27.74242 -27.74241 -27.74221 -27.74194 -27.74208 -27.74357 -27.74450 -27.74501
 -27.81710 -27.81710 -27.81710 -27.81710 -27.81710 -27.81710 -27.81711 -27.81711
 -27.81711 -27.81711 -27.81711 -27.81711 -27.81711 -27.81711 -27.81711 -27.81711
 -27.81711 -27.81711 -27.81712 -27.81721 -27.81716 -27.81684 -27.81772 -27.81920
 -27.85667 -27.85667 -27.85667 -27.85667 -27.85667 -27.85667 -27.85667 -27.85667
 -27.85667 -27.85667 -27.85667 -27.85667 -27.85667 -27.85667 -27.85667 -27.85667
 -27.85667 -27.85667 -27.85667 -27.85663 -27.85665 -27.85679 -27.85628 -27.85639
 -27.84985 -27.84985 -27.84985 -27.84985 -27.84985 -27.84985 -27.84985 -27.84985
 -27.84985 -27.84985 -27.84985 -27.84985 -27.84985 -27.84985 -27.84985 -27.84985
 -27.84985 -27.84985 -27.84985 -27.84985 -27.84985 -27.84984 -27.84982 -27.84991
 -27.82080 -27.82080 -27.82080 -27.82080 -27.82080 -27.82080 -27.82080 -27.82080
 -27.82080 -27.82080 -27.82080 -27.82080 -27.82080 -27.82080 -27.82080 -27.82080
 -27.82080 -27.82080 -27.82080 -27.82080 -27.82080 -27.82079 -27.82084 -27.82080
 -27.76854 -27.76854 -27.76854 -27.76854 -27.76854 -27.76854 -27.76854 -27.76854
 -27.76854 -27.76854 -27.76854 -27.76854 -27.76854 -27.76854 -27.76854 -27.76854
 -27.76854 -27.76854 -27.76854 -27.76854 -27.76854 -27.76854 -27.76853 -27.76854
 -25.84700 -25.84392 -25.83583 -25.81845 -25.80109 -25.78095 -25.75143 -25.72696
 -25.69709 -25.64222 -25.58515 -25.51641 -25.41269 -25.32738 -25.23520 -25.09976
 -24.98007 -24.82350 -24.54821 -24.29697 -24.00946 -23.58744 -23.24816 -22.86906
 -25.96512 -25.96227 -25.95485 -25.93913 -25.92361 -25.90568 -25.87934 -25.85737
 -25.83052 -25.78126 -25.73013 -25.66856 -25.57552 -25.49881 -25.41578 -25.29358
 -25.18554 -25.04445 -24.79668 -24.57047 -24.31146 -23.93059 -23.62345 -23.27992
 -26.11394 -26.11138 -26.10481 -26.09116 -26.07797 -26.06282 -26.04048 -26.02168
 -25.99862 -25.95644 -25.91279 -25.86025 -25.78067 -25.71480 -25.64328 -25.53777
 -25.44440 -25.32282 -25.10972 -24.91505 -24.69194 -24.36291 -24.09628 -23.79756
 -26.21196 -26.20960 -26.20358 -26.19131 -26.17964 -26.16632 -26.14663 -26.12991
 -26.10935 -26.07182 -26.03311 -25.98651 -25.91579 -25.85707 -25.79314 -25.69861
 -25.61491 -25.50618 -25.31592 -25.14202 -24.94256 -24.64767 -24.40772 -24.13851
 -26.31587 -26.31371 -26.30828 -26.29746 -26.28742 -26.27604 -26.25914 -26.24463
 -26.22672 -26.19413 -26.16065 -26.12035 -26.05903 -26.00787 -25.95199 -25.86910
 -25.79565 -25.70054 -25.53449 -25.38261 -25.20822 -24.94952 -24.73786 -24.49993
 -26.43399 -26.43206 -26.42730 -26.41814 -26.40993 -26.40077 -26.38705 -26.37505
 -26.36015 -26.33317 -26.30563 -26.27250 -26.22186 -26.17931 -26.13257 -26.06292
 -26.00112 -25.92150 -25.78296 -25.65612 -25.51022 -25.29267 -25.11316 -24.91080
 -26.51780 -26.51603 -26.51176 -26.50376 -26.49686 -26.48926 -26.47780 -26.46758
 -26.45482 -26.43182 -26.40850 -26.38046 -26.33739 -26.30094 -26.26069 -26.20044
 -26.14690 -26.07827 -25.95926 -25.85017 -25.72449 -25.53614 -25.37944 -25.20231
 -26.63593 -26.63439 -26.63078 -26.62443 -26.61938 -26.61399 -26.60570 -26.59800
 -26.58825 -26.57086 -26.55348 -26.53261 -26.50022 -26.47238 -26.44127 -26.39426
 -26.35237 -26.29922 -26.20773 -26.12368 -26.02649 -25.87928 -25.75474 -25.61318
 -26.78402 -26.78288 -26.78035 -26.77636 -26.77371 -26.77105 -26.76658 -26.76182
 -26.75559 -26.74480 -26.73449 -26.72216 -26.70254 -26.68499 -26.66491 -26.63408
 -26.60663 -26.57259 -26.51453 -26.46030 -26.39718 -26.30002 -26.21530 -26.11757
 -26.88042 -26.87997 -26.87893 -26.87709 -26.87560 -26.87381 -26.87050 -26.86694
 -26.86235 -26.85454 -26.84719 -26.83843 -26.82434 -26.81159 -26.79700 -26.77491
 -26.75555 -26.73159 -26.68967 -26.64912 -26.60189 -26.53006 -26.46747 -26.39379
 -26.98725 -26.98740 -26.98742 -26.98631 -26.98412 -26.98124 -26.97743 -26.97511
 -26.97275 -26.96832 -26.96323 -26.95677 -26.94666 -26.93811 -26.92860 -26.91407
 -26.90073 -26.88289 -26.85188 -26.82435 -26.79182 -26.74000 -26.69415 -26.63999
 -27.10765 -27.10730 -27.10654 -27.10536 -27.10460 -27.10385 -27.10257 -27.10116
 -27.09931 -27.09610 -27.09302 -27.08926 -27.08301 -27.07720 -27.07053 -27.06057
 -27.05180 -27.03992 -27.01904 -27.00052 -26.97794 -26.94230 -26.91256 -26.87626
 -27.19336 -27.19312 -27.19259 -27.19176 -27.19120 -27.19064 -27.18971 -27.18873
 -27.18744 -27.18521 -27.18305 -27.18035 -27.17578 -27.17144 -27.16643 -27.15899
 -27.15259 -27.14430 -27.12935 -27.11506 -27.09815 -27.07179 -27.04850 -27.02074
 -27.31402 -27.31403 -27.31398 -27.31366 -27.31314 -27.31245 -27.31151 -27.31087
 -27.31020 -27.30900 -27.30770 -27.30602 -27.30320 -27.30058 -27.29748 -27.29251
 -27.28800 -27.28267 -27.27360 -27.26450 -27.25382 -27.23666 -27.22037 -27.20178
 -27.46410 -27.46412 -27.46413 -27.46399 -27.46369 -27.46330 -27.46282 -27.46256
 -27.46227 -27.46154 -27.46060 -27.45946 -27.45796 -27.45696 -27.45576 -27.45318
 -27.45024 -27.44723 -27.44253 -27.43701 -27.43048 -27.42100 -27.41267 -27.40205
 -27.56162 -27.56132 -27.56071 -27.56003 -27.55992 -27.56002 -27.56005 -27.55973
 -27.55922 -27.55846 -27.55797 -27.55753 -27.55690 -27.55630 -27.55545 -27.55373
 -27.55187 -27.54967 -27.54596 -27.54220 -27.53829 -27.53239 -27.52619 -27.51909
 -27.65371 -27.65368 -27.65363 -27.65355 -27.65352 -27.65352 -27.65358 -27.65366
 -27.65367 -27.65342 -27.65296 -27.65235 -27.65154 -27.65102 -27.65043 -27.64927
 -27.64800 -27.64683 -27.64489 -27.64228 -27.63974 -27.63653 -27.63295 -27.62815
 -27.69937 -27.69936 -27.69935 -27.69931 -27.69927 -27.69926 -27.69933 -27.69947
 -27.69954 -27.69923 -27.69856 -27.69783 -27.69736 -27.69765 -27.69801 -27.69750
 -27.69611 -27.69555 -27.69576 -27.69467 -27.69368 -27.69247 -27.69014 -27.68796
 -27.64635 -27.64634 -27.64633 -27.64633 -27.64632 -27.64632 -27.64633 -27.64633
 -27.64632 -27.64626 -27.64618 -27.64610 -27.64606 -27.64612 -27.64617 -27.64608
 -27.64588 -27.64585 -27.64583 -27.64552 -27.64596 -27.64714 -27.64689 -27.64643
 -27.50223 -27.50226 -27.50229 -27.50230 -27.50225 -27.50221 -27.50230 -27.50254
 -27.50285 -27.50322 -27.50338 -27.50343 -27.50343 -27.50344 -27.50358 -27.50419
 -27.50497 -27.50548 -27.50606 -27.50729 -27.50875 -27.51074 -27.51262 -27.51472
 -27.38381 -27.38383 -27.38387 -27.38386 -27.38380 -27.38375 -27.38387 -27.38417
 -27.38454 -27.38486 -27.38484 -27.38476 -27.38492 -27.38543 -27.38616 -27.38710
 -27.38770 -27.38863 -27.39036 -27.39165 -27.39317 -27.39587 -27.39848 -27.40179
 -27.37903 -27.37922 -27.37961 -27.38009 -27.38022 -27.38020 -27.38007 -27.38000
 -27.37998 -27.38008 -27.38026 -27.38056 -27.38116 -27.38176 -27.38242 -27.38324
 -27.38383 -27.38477 -27.38644 -27.38765 -27.38950 -27.39293 -27.39555 -27.39864
 -27.42356 -27.42353 -27.42352 -27.42368 -27.42400 -27.42438 -27.42472 -27.42474
 -27.42466 -27.42470 -27.42500 -27.42545 -27.42604 -27.42637 -27.42665 -27.42714
 -27.42776 -27.42884 -27.43080 -27.43230 -27.43411 -27.43694 -27.43911 -27.44188
 -27.50892 -27.50888 -27.50884 -27.50896 -27.50928 -27.50968 -27.51014 -27.51029
 -27.51028 -27.51011 -27.50993 -27.50986 -27.51018 -27.51088 -27.51181 -27.51305
 -27.51382 -27.51457 -27.51550 -27.51615 -27.51769 -27.52111 -27.52377 -27.52641
 -27.57648 -27.57648 -27.57647 -27.57650 -27.57654 -27.57660 -27.57662 -27.57657
 -27.57654 -27.57663 -27.57688 -27.57729 -27.57809 -27.57882 -27.57950 -27.57996
 -27.57996 -27.58041 -27.58176 -27.58274 -27.58419 -27.58708 -27.58946 -27.59133
 -27.65710 -27.65710 -27.65709 -27.65709 -27.65710 -27.65709 -27.65697 -27.65679
 -27.65670 -27.65698 -27.65764 -27.65851 -27.65954 -27.65996 -27.66005 -27.65975
 -27.65947 -27.66015 -27.66175 -27.66197 -27.66274 -27.66504 -27.66650 -27.66817
 -27.71334 -27.71334 -27.71334 -27.71334 -27.71334 -27.71334 -27.71334 -27.71334
 -27.71334 -27.71330 -27.71325 -27.71321 -27.71323 -27.71333 -27.71339 -27.71322
 -27.71301 -27.71377 -27.71556 -27.71572 -27.71531 -27.71550 -27.71689 -27.71841
 -27.71433 -27.71433 -27.71433 -27.71433 -27.71433 -27.71433 -27.71433 -27.71434
 -27.71435 -27.71434 -27.71432 -27.71431 -27.71435 -27.71445 -27.71451 -27.71433
 -27.71413 -27.71488 -27.71664 -27.71680 -27.71637 -27.71667 -27.71823 -27.71898
 -27.69226 -27.69228 -27.69231 -27.69225 -27.69211 -27.69203 -27.69229 -27.69288
 -27.69364 -27.69443 -27.69464 -27.69459 -27.69442 -27.69437 -27.69439 -27.69442
 -27.69441 -27.69446 -27.69460 -27.69459 -27.69461 -27.69460 -27.69453 -27.69528
 -27.64830 -27.64830 -27.64829 -27.64830 -27.64832 -27.64834 -27.64829 -27.64820
 -27.64807 -27.64794 -27.64791 -27.64792 -27.64795 -27.64796 -27.64796 -27.64795
 -27.64795 -27.64797 -27.64801 -27.64800 -27.64803 -27.64800 -27.64789 -27.64846
 -25.29778 -25.29778 -25.29378 -25.27881 -25.26294 -25.24519 -25.21948 -25.19841
 -25.17551 -25.13821 -25.10090 -25.05273 -24.96924 -24.88898 -24.79315 -24.64841
 -24.53082 -24.40800 -24.21692 -24.01542 -23.73719 -23.30829 -22.97106 -22.62288
 -25.41124 -25.41124 -25.40765 -25.39420 -25.37994 -25.36401 -25.34089 -25.32188
 -25.30115 -25.26734 -25.23355 -25.19000 -25.11464 -25.04230 -24.95600 -24.82558
 -24.71942 -24.60821 -24.43445 -24.25169 -24.00068 -23.61338 -23.30756 -22.99074
 -25.55420 -25.55420 -25.55112 -25.53958 -25.52736 -25.51370 -25.49385 -25.47744
 -25.45944 -25.43002 -25.40068 -25.36293 -25.29781 -25.23545 -25.16116 -25.04879
 -24.95703 -24.86045 -24.70849 -24.54936 -24.33264 -23.99775 -23.73152 -23.45419
 -25.64836 -25.64836 -25.64561 -25.63534 -25.62446 -25.61231 -25.59460 -25.57990
 -25.56370 -25.53718 -25.51076 -25.47684 -25.41847 -25.36268 -25.29630 -25.19581
 -25.11354 -25.02660 -24.88901 -24.74543 -24.55130 -24.25093 -24.01077 -23.75946
 -25.74817 -25.74817 -25.74578 -25.73684 -25.72739 -25.71683 -25.70140 -25.68851
 -25.67422 -25.65077 -25.62745 -25.59759 -25.54637 -25.49754 -25.43954 -25.35166
 -25.27945 -25.20272 -25.08035 -24.95327 -24.78308 -24.51931 -24.30678 -24.08306
 -25.86164 -25.86164 -25.85965 -25.85223 -25.84440 -25.83565 -25.82280 -25.81198
 -25.79986 -25.77990 -25.76010 -25.73486 -25.69176 -25.65086 -25.60239 -25.52882
 -25.46805 -25.40293 -25.29788 -25.18954 -25.04657 -24.82440 -24.64329 -24.45092
 -25.94214 -25.94214 -25.94045 -25.93411 -25.92742 -25.91995 -25.90895 -25.89958
 -25.88900 -25.87152 -25.85422 -25.83225 -25.79492 -25.75964 -25.71793 -25.65453
 -25.60186 -25.54499 -25.45221 -25.35718 -25.23353 -25.04087 -24.88205 -24.71192
 -26.05561 -26.05561 -26.05432 -26.04950 -26.04442 -26.03877 -26.03035 -26.02305
 -26.01464 -26.00065 -25.98687 -25.96952 -25.94031 -25.91295 -25.88077 -25.83169
 -25.79046 -25.74520 -25.66974 -25.59346 -25.49702 -25.34596 -25.21855 -25.07978
 -26.19857 -26.19857 -26.19778 -26.19487 -26.19182 -26.18844 -26.18327 -26.17856
 -26.17288 -26.16329 -26.15394 -26.14239 -26.12339 -26.10596 -26.08573 -26.05462
 -26.02774 -25.99707 -25.94343 -25.89073 -25.82842 -25.72954 -25.64163 -25.54235
 -26.29305 -26.29305 -26.29250 -26.29048 -26.28842 -26.28618 -26.28278 -26.27963
 -26.27576 -26.26908 -26.26250 -26.25432 -26.24087 -26.22860 -26.21443 -26.19258
 -26.17353 -26.15153 -26.11249 -26.07416 -26.02922 -25.95754 -25.89300 -25.81917
 -26.39407 -26.39407 -26.39365 -26.39214 -26.39068 -26.38922 -26.38714 -26.38526
 -26.38293 -26.37872 -26.37432 -26.36862 -26.35906 -26.35032 -26.34028 -26.32487
 -26.31145 -26.29605 -26.26955 -26.24305 -26.21035 -26.15814 -26.11217 -26.05993
 -26.51009 -26.51009 -26.50981 -26.50888 -26.50804 -26.50725 -26.50605 -26.50475
 -26.50290 -26.49964 -26.49659 -26.49304 -26.48733 -26.48198 -26.47557 -26.46535
 -26.45627 -26.44582 -26.42853 -26.41143 -26.38985 -26.35502 -26.32393 -26.28797
 -26.59244 -26.59244 -26.59236 -26.59199 -26.59154 -26.59097 -26.58987 -26.58867
 -26.58708 -26.58453 -26.58240 -26.58013 -26.57643 -26.57264 -26.56772 -26.55974
 -26.55291 -26.54542 -26.53284 -26.52004 -26.50374 -26.47742 -26.45424 -26.42783
 -26.70827 -26.70827 -26.70831 -26.70841 -26.70844 -26.70838 -26.70805 -26.70755
 -26.70679 -26.70537 -26.70401 -26.70239 -26.69961 -26.69684 -26.69338 -26.68802
 -26.68364 -26.67896 -26.67072 -26.66214 -26.65149 -26.63462 -26.61972 -26.60248
 -26.85594 -26.85594 -26.85600 -26.85606 -26.85591 -26.85547 -26.85467 -26.85415
 -26.85382 -26.85338 -26.85273 -26.85160 -26.84962 -26.84805 -26.84656 -26.84441
 -26.84231 -26.83962 -26.83553 -26.83079 -26.82338 -26.81422 -26.80683 -26.79542
 -26.95262 -26.95262 -26.95273 -26.95287 -26.95263 -26.95190 -26.95063 -26.94991
 -26.94969 -26.94977 -26.94966 -26.94913 -26.94798 -26.94703 -26.94617 -26.94500
 -26.94386 -26.94225 -26.93848 -26.93434 -26.92964 -26.92334 -26.91776 -26.91028
 -27.05294 -27.05294 -27.05293 -27.05291 -27.05294 -27.05303 -27.05310 -27.05300
 -27.05268 -27.05206 -27.05159 -27.05120 -27.05067 -27.05013 -27.04937 -27.04812
 -27.04707 -27.04584 -27.04296 -27.04036 -27.03836 -27.03419 -27.02978 -27.02559
 -27.16536 -27.16536 -27.16539 -27.16543 -27.16536 -27.16516 -27.16480 -27.16459
 -27.16450 -27.16448 -27.16440 -27.16420 -27.16382 -27.16352 -27.16326 -27.16276
 -27.16207 -27.16107 -27.15991 -27.15893 -27.15726 -27.15462 -27.15236 -27.14954
 -27.24230 -27.24230 -27.24232 -27.24234 -27.24230 -27.24217 -27.24196 -27.24185
 -27.24185 -27.24192 -27.24191 -27.24179 -27.24149 -27.24119 -27.24088 -27.24042
 -27.24002 -27.23952 -27.23849 -27.23760 -27.23682 -27.23516 -27.23331 -27.23123
 -27.34496 -27.34496 -27.34496 -27.34496 -27.34496 -27.34498 -27.34502 -27.34506
 -27.34509 -27.34509 -27.34504 -27.34492 -27.34463 -27.34428 -27.34383 -27.34334
 -27.34328 -27.34350 -27.34301 -27.34209 -27.34137 -27.34082 -27.34020 -27.33892
 -27.45955 -27.45955 -27.45955 -27.45955 -27.45955 -27.45955 -27.45955 -27.45954
 -27.45951 -27.45950 -27.45954 -27.45965 -27.45978 -27.45977 -27.45962 -27.45930
 -27.45911 -27.45904 -27.45918 -27.45919 -27.45882 -27.45818 -27.45786 -27.45763
 -27.52358 -27.52358 -27.52358 -27.52359 -27.52358 -27.52357 -27.52356 -27.52359
 -27.52364 -27.52367 -27.52359 -27.52337 -27.52302 -27.52283 -27.52278 -27.52288
 -27.52296 -27.52299 -27.52292 -27.52294 -27.52313 -27.52267 -27.52209 -27.52211
 -27.57815 -27.57815 -27.57816 -27.57816 -27.57815 -27.57813 -27.57812 -27.57815
 -27.57823 -27.57828 -27.57815 -27.57783 -27.57727 -27.57694 -27.57682 -27.57685
 -27.57690 -27.57690 -27.57691 -27.57691 -27.57686 -27.57696 -27.57708 -27.57703
 -27.62157 -27.62157 -27.62157 -27.62157 -27.62157 -27.62157 -27.62157 -27.62157
 -27.62156 -27.62155 -27.62157 -27.62160 -27.62166 -27.62169 -27.62171 -27.62171
 -27.62170 -27.62170 -27.62170 -27.62170 -27.62170 -27.62170 -27.62171 -27.62171
 -27.64171 -27.64171 -27.64171 -27.64171 -27.64171 -27.64171 -27.64171 -27.64171
 -27.64172 -27.64172 -27.64171 -27.64170 -27.64167 -27.64165 -27.64165 -27.64165
 -27.64165 -27.64165 -27.64165 -27.64165 -27.64166 -27.64159 -27.64151 -27.64150
 -27.64998 -27.64998 -27.64998 -27.64998 -27.64998 -27.64998 -27.64998 -27.64998
 -27.64998 -27.64998 -27.64998 -27.64999 -27.65000 -27.65000 -27.65001 -27.65001
 -27.65001 -27.65000 -27.65002 -27.65001 -27.64994 -27.65029 -27.65070 -27.65075
 -27.63314 -27.63314 -27.63314 -27.63314 -27.63314 -27.63314 -27.63314 -27.63314
 -27.63314 -27.63314 -27.63314 -27.63314 -27.63314 -27.63314 -27.63314 -27.63315
 -27.63314 -27.63313 -27.63317 -27.63314 -27.63303 -27.63361 -27.63429 -27.63437
 -27.60971 -27.60971 -27.60971 -27.60971 -27.60971 -27.60971 -27.60971 -27.60971
 -27.60971 -27.60971 -27.60971 -27.60971 -27.60971 -27.60971 -27.60971 -27.60971
 -27.60971 -27.60972 -27.60971 -27.60971 -27.60974 -27.60961 -27.60947 -27.60945
 -27.57440 -27.57440 -27.57440 -27.57440 -27.57440 -27.57440 -27.57440 -27.57440
 -27.57440 -27.57440 -27.57440 -27.57440 -27.57440 -27.57440 -27.57440 -27.57440
 -27.57440 -27.57440 -27.57440 -27.57440 -27.57439 -27.57443 -27.57448 -27.57448
 -27.52678 -27.52678 -27.52678 -27.52678 -27.52678 -27.52678 -27.52678 -27.52678
 -27.52678 -27.52678 -27.52678 -27.52678 -27.52678 -27.52678 -27.52678 -27.52678
 -27.52678 -27.52678 -27.52677 -27.52678 -27.52678 -27.52677 -27.52676 -27.52676
C-------------------------------------------------------------------------------
C
C     RADIATED POWERS IN UNITS OF W CM**3 
C     ----------------------------------- 
C
C     INPUT DATA
C         FOR YEAR: 96 AND WITH PREFIX: pj
C         FOR ne RECOMBINING ION CHARGE(S)  1 TO 10
C
C     CODE     : ADAS404
C     PRODUCER : Martin O'Mullane              
C     DATE     : 11/06/14
C
C-------------------------------------------------------------------------------
C
C  Re-run for 0 and +1 stages since some parents were mis-identified in the
C  projection mapping. For Ne+1 the effect is small as it was due to the
C  4th parent. For neutral the effect on the final adf11 file is significant.
C
C  PRODUCER : Martin O'Mullane              
C  DATE     : 11.06.2014
C
C-------------------------------------------------------------------------------

C-----------------------------------------------------------------------
C                               OPEN-ADAS
C                               +++++++++
C
C This file has been downloaded from OPEN-ADAS (http://open.adas.ac.uk)
C on 23-Apr-2020.
C
C TERMS AND CONDITIONS
C --------------------
C
C The user of the OPEN-ADAS system and data (hereinafter "the User")
C accepts the following terms and conditions:
C
C   1. The University of Strathclyde uses all reasonable endeavours to
C      ensure the accuracy of the data provided and any information
C      given, but the University makes no warranty, expressed or implied
C      as to its accuracy, integrity, fitness for purpose and shall not
C      be responsible for the use to which the data is put by the User
C      and/or any consequences arising out of any inaccuracies or
C      omissions.
C
C   2. Any downloaded OPEN-ADAS file is made available for the
C      personal use of the User only.  It must not be used for any
C      commercial application, incorporated into any web site or in
C      any form re-distributed without express prior written permission
C      from the ADAS Project. In particular, but not by way of
C      limitation, it must not be:
C        *  inserted into a managed database structure,
C        *  redistributed along with a modelling or analysis code,
C        *  made available on a public website.
C
C Permission for OPEN-ADAS data incorporation in non-commercial
C code/system development for scientific advance will not be
C unreasonably withheld, but will be subject to written agreement
C on a case by case basis.
C
C The User will indemnify the University of Strathclyde and keep it
C fully and effectively indemnified against each and every claim made
C against the University as a result of the User's use of the data.
C
C-----------------------------------------------------------------------
