    6   24   30
   7.69897   8.00000   8.30103   8.69897   9.00000   9.30103   9.69897  10.00000
  10.30103  10.69897  11.00000  11.30103  11.69897  12.00000  12.30103  12.69897
  13.00000  13.30103  13.69897  14.00000  14.30103  14.69897  15.00000  15.30103
   -.69877   -.52268   -.30083   -.15470    .00020    .17629    .30123    .47732
    .69917    .84530   1.00020   1.17629   1.30123   1.47732   1.69917   1.84530
   2.00020   2.17629   2.30123   2.47732   2.69917   2.84530   3.00020   3.17629
   3.30123   3.47732   3.69917   3.84530   4.00020   4.17629
 -29.72516 -29.70755 -29.68646 -29.65246 -29.62274 -29.58989 -29.53619 -29.48661
 -29.43065 -29.34546 -29.27080 -29.18596 -29.05676 -28.94422 -28.81708 -28.62767
 -28.46738 -28.29187 -28.04871 -27.86561 -27.69319 -27.51836 -27.42164 -27.32971
 -29.88336 -29.87133 -29.85772 -29.83433 -29.81276 -29.78914 -29.75079 -29.71550
 -29.67583 -29.61457 -29.56056 -29.49953 -29.40456 -29.32109 -29.22807 -29.08726
 -28.96624 -28.83372 -28.64528 -28.49847 -28.35750 -28.21345 -28.13377 -28.05805
 -30.06588 -30.05861 -30.05053 -30.03718 -30.02403 -30.00793 -29.98415 -29.96334
 -29.93797 -29.89943 -29.86568 -29.82563 -29.76411 -29.71052 -29.64920 -29.55658
 -29.47776 -29.39103 -29.26564 -29.16811 -29.07752 -28.99160 -28.94895 -28.90931
 -30.18698 -30.18153 -30.17515 -30.16519 -30.15629 -30.14587 -30.12879 -30.11302
 -30.09488 -30.06777 -30.04336 -30.01361 -29.96842 -29.92958 -29.88474 -29.81578
 -29.75734 -29.69463 -29.60413 -29.53514 -29.47497 -29.42178 -29.39733 -29.37499
 -30.21218 -30.21017 -30.20804 -30.20429 -30.20037 -30.19554 -30.18748 -30.17973
 -30.17023 -30.15492 -30.14110 -30.12493 -30.09843 -30.07547 -30.05119 -30.01059
 -29.97393 -29.93628 -29.88283 -29.84337 -29.81185 -29.78464 -29.77124 -29.75874
 -29.81005 -29.81463 -29.81938 -29.82489 -29.82911 -29.83448 -29.84108 -29.84483
 -29.84797 -29.85009 -29.85014 -29.84921 -29.84538 -29.84136 -29.83776 -29.83026
 -29.82203 -29.81315 -29.80094 -29.79221 -29.78507 -29.77882 -29.77580 -29.77298
 -29.35580 -29.36273 -29.37008 -29.38027 -29.38932 -29.40054 -29.41602 -29.42633
 -29.43532 -29.44388 -29.44819 -29.45161 -29.45515 -29.45734 -29.45936 -29.46102
 -29.46175 -29.46272 -29.46324 -29.46279 -29.46223 -29.46268 -29.46409 -29.46595
 -28.87610 -28.88450 -28.89416 -28.90893 -28.92280 -28.94002 -28.96561 -28.98297
 -28.99633 -29.00854 -29.01497 -29.01979 -29.02514 -29.02856 -29.03096 -29.03339
 -29.03484 -29.03580 -29.03743 -29.03875 -29.03949 -29.04095 -29.04334 -29.04709
 -28.55865 -28.56798 -28.57959 -28.59799 -28.61624 -28.64019 -28.67511 -28.69764
 -28.71434 -28.72933 -28.73735 -28.74306 -28.74926 -28.75340 -28.75637 -28.75894
 -28.76062 -28.76264 -28.76509 -28.76628 -28.76716 -28.77009 -28.77458 -28.78136
 -28.48938 -28.49869 -28.50985 -28.52981 -28.55045 -28.57569 -28.61179 -28.63549
 -28.65331 -28.66855 -28.67620 -28.68251 -28.68899 -28.69244 -28.69516 -28.69809
 -28.70014 -28.70248 -28.70507 -28.70614 -28.70674 -28.70810 -28.71038 -28.71439
 -28.50027 -28.50978 -28.52143 -28.54098 -28.56060 -28.58514 -28.61918 -28.64078
 -28.65774 -28.67262 -28.68027 -28.68694 -28.69250 -28.69535 -28.69922 -28.70260
 -28.70395 -28.70642 -28.70853 -28.70874 -28.70921 -28.70954 -28.70963 -28.71063
 -28.58765 -28.59776 -28.60928 -28.62702 -28.64397 -28.66481 -28.69405 -28.71279
 -28.72663 -28.73939 -28.74672 -28.75240 -28.75807 -28.76186 -28.76554 -28.76805
 -28.76906 -28.77124 -28.77310 -28.77326 -28.77330 -28.77180 -28.76961 -28.76816
 -28.68414 -28.69418 -28.70571 -28.72267 -28.73775 -28.75552 -28.78109 -28.79804
 -28.81016 -28.82141 -28.82805 -28.83305 -28.83898 -28.84293 -28.84547 -28.84878
 -28.85111 -28.85187 -28.85371 -28.85536 -28.85439 -28.85115 -28.84880 -28.84718
 -28.85652 -28.86527 -28.87584 -28.89070 -28.90324 -28.91813 -28.93758 -28.94959
 -28.95914 -28.96913 -28.97513 -28.97979 -28.98551 -28.98911 -28.99115 -28.99560
 -28.99919 -28.99965 -29.00073 -29.00237 -29.00186 -28.99931 -28.99726 -28.99562
 -29.11160 -29.12027 -29.12966 -29.14314 -29.15412 -29.16535 -29.17933 -29.18852
 -29.19645 -29.20493 -29.21026 -29.21528 -29.22100 -29.22466 -29.22804 -29.23124
 -29.23302 -29.23506 -29.23673 -29.23699 -29.23686 -29.23560 -29.23403 -29.23257
 -29.29053 -29.29915 -29.30840 -29.32099 -29.33064 -29.34030 -29.35228 -29.36046
 -29.36802 -29.37633 -29.38171 -29.38702 -29.39229 -29.39530 -29.39876 -29.40258
 -29.40453 -29.40615 -29.40760 -29.40829 -29.40875 -29.40795 -29.40638 -29.40480
 -29.48574 -29.49433 -29.50263 -29.51462 -29.52403 -29.53221 -29.54256 -29.55022
 -29.55708 -29.56467 -29.56975 -29.57475 -29.58002 -29.58316 -29.58648 -29.59067
 -29.59299 -29.59420 -29.59519 -29.59589 -29.59625 -29.59611 -29.59570 -29.59531
 -29.70596 -29.71372 -29.72123 -29.73161 -29.74007 -29.74852 -29.75804 -29.76401
 -29.76981 -29.77724 -29.78220 -29.78627 -29.79146 -29.79507 -29.79758 -29.80040
 -29.80270 -29.80490 -29.80613 -29.80589 -29.80555 -29.80538 -29.80544 -29.80554
 -29.84428 -29.85196 -29.85886 -29.86699 -29.87369 -29.88168 -29.89049 -29.89558
 -29.90117 -29.90846 -29.91313 -29.91694 -29.92163 -29.92473 -29.92674 -29.92875
 -29.93055 -29.93273 -29.93423 -29.93427 -29.93431 -29.93375 -29.93278 -29.93172
 -30.01943 -30.02613 -30.03098 -30.03689 -30.04185 -30.04671 -30.05388 -30.05929
 -30.06350 -30.06789 -30.07102 -30.07426 -30.07815 -30.08060 -30.08278 -30.08576
 -30.08763 -30.08849 -30.08949 -30.09038 -30.09080 -30.09114 -30.09147 -30.09178
 -30.23776 -30.24312 -30.24525 -30.24849 -30.25134 -30.25192 -30.25689 -30.26286
 -30.26516 -30.26554 -30.26659 -30.26907 -30.27195 -30.27360 -30.27608 -30.28051
 -30.28255 -30.28160 -30.28185 -30.28375 -30.28453 -30.28616 -30.28855 -30.29110
 -30.38157 -30.38603 -30.38636 -30.38781 -30.38923 -30.38694 -30.39040 -30.39668
 -30.39771 -30.39546 -30.39514 -30.39713 -30.39933 -30.40045 -30.40313 -30.40851
 -30.41064 -30.40850 -30.40821 -30.41069 -30.41165 -30.41411 -30.41787 -30.42194
 -30.53399 -30.53749 -30.53587 -30.53535 -30.53516 -30.52974 -30.53146 -30.53798
 -30.53762 -30.53258 -30.53082 -30.53226 -30.53374 -30.53432 -30.53719 -30.54354
 -30.54577 -30.54238 -30.54144 -30.54448 -30.54554 -30.54879 -30.55403 -30.55979
 -30.70722 -30.70960 -30.70571 -30.70280 -30.70061 -30.69144 -30.69087 -30.69743
 -30.69543 -30.68730 -30.68389 -30.68467 -30.68536 -30.68540 -30.68843 -30.69574
 -30.69815 -30.69334 -30.69154 -30.69508 -30.69611 -30.70008 -30.70701 -30.71478
 -30.83010 -30.83164 -30.82609 -30.82134 -30.81758 -30.80558 -30.80311 -30.80948
 -30.80628 -30.79603 -30.79146 -30.79172 -30.79188 -30.79161 -30.79468 -30.80257
 -30.80517 -30.79937 -30.79680 -30.80059 -30.80147 -30.80575 -30.81387 -30.82313
 -31.00322 -31.00353 -30.99552 -30.98790 -30.98159 -30.96527 -30.95958 -30.96524
 -30.96027 -30.94721 -30.94101 -30.94046 -30.93990 -30.93934 -30.94234 -30.95081
 -30.95383 -30.94664 -30.94271 -30.94666 -30.94703 -30.95132 -30.96104 -30.97251
 -31.22116 -31.21974 -31.20835 -31.19644 -31.18615 -31.16358 -31.15250 -31.15616
 -31.14878 -31.13270 -31.12446 -31.12268 -31.12137 -31.12082 -31.12342 -31.13201
 -31.13591 -31.12706 -31.12072 -31.12436 -31.12338 -31.12648 -31.13792 -31.15228
 -31.36455 -31.36186 -31.34798 -31.33261 -31.31902 -31.29165 -31.27584 -31.27721
 -31.26813 -31.25056 -31.24102 -31.23824 -31.23656 -31.23638 -31.23842 -31.24654
 -31.25138 -31.24151 -31.23297 -31.23598 -31.23347 -31.23467 -31.24687 -31.26308
 -31.51635 -31.51211 -31.49528 -31.47548 -31.45755 -31.42427 -31.40208 -31.39986
 -31.38889 -31.37038 -31.35952 -31.35543 -31.35353 -31.35420 -31.35528 -31.36224
 -31.36852 -31.35768 -31.34608 -31.34797 -31.34308 -31.34089 -31.35334 -31.37132
 -31.68856 -31.68223 -31.66147 -31.63531 -31.61104 -31.56975 -31.53810 -31.52996
 -31.51676 -31.49829 -31.48601 -31.48008 -31.47822 -31.48059 -31.47999 -31.48455
 -31.49321 -31.48144 -31.46525 -31.46519 -31.45647 -31.44821 -31.45996 -31.47941
 -28.63940 -28.61657 -28.59243 -28.55551 -28.51972 -28.47398 -28.39958 -28.33446
 -28.25997 -28.14656 -28.04915 -27.93947 -27.76707 -27.61142 -27.43662 -27.17829
 -26.95996 -26.72277 -26.38824 -26.12302 -25.85219 -25.49189 -25.22350 -24.96696
 -28.79549 -28.77982 -28.76411 -28.73928 -28.71359 -28.68128 -28.62960 -28.58398
 -28.53093 -28.44980 -28.37976 -28.29840 -28.16814 -28.05060 -27.91768 -27.71794
 -27.54805 -27.36115 -27.08686 -26.86030 -26.62023 -26.28665 -26.02846 -25.77598
 -28.97964 -28.96992 -28.96029 -28.94463 -28.92838 -28.90938 -28.87866 -28.84938
 -28.81467 -28.76209 -28.71681 -28.66273 -28.57537 -28.49718 -28.40801 -28.27145
 -28.15215 -28.01739 -27.81424 -27.64123 -27.45150 -27.17750 -26.95679 -26.73021
 -29.09797 -29.09156 -29.08463 -29.07318 -29.06155 -29.04715 -29.02383 -29.00265
 -28.97772 -28.93909 -28.90495 -28.86417 -28.79931 -28.74150 -28.67377 -28.56895
 -28.47805 -28.37438 -28.21530 -28.07763 -27.92462 -27.69891 -27.51254 -27.31750
 -29.20969 -29.20546 -29.20090 -29.19332 -29.18560 -29.17617 -29.16069 -29.14629
 -29.12946 -29.10318 -29.07942 -29.05083 -29.00346 -28.96021 -28.91233 -28.83872
 -28.77184 -28.69510 -28.57664 -28.47272 -28.35660 -28.18257 -28.03526 -27.87809
 -29.18677 -29.18841 -29.18969 -29.19071 -29.19117 -29.19200 -29.19234 -29.19057
 -29.18713 -29.17950 -29.17050 -29.15820 -29.13677 -29.11655 -29.09260 -29.05312
 -29.01575 -28.97159 -28.90220 -28.83978 -28.76576 -28.64902 -28.54687 -28.43307
 -28.93472 -28.94294 -28.95094 -28.96292 -28.97481 -28.98959 -29.01230 -29.02848
 -29.04057 -29.04915 -29.05118 -29.05152 -29.04885 -29.04351 -29.03654 -29.02305
 -29.00788 -28.98873 -28.95713 -28.92669 -28.88706 -28.82022 -28.75910 -28.68755
 -28.45999 -28.47556 -28.49249 -28.52097 -28.55116 -28.59053 -28.65150 -28.69456
 -28.72739 -28.75539 -28.76959 -28.78075 -28.79125 -28.79731 -28.80373 -28.81021
 -28.81256 -28.81411 -28.81362 -28.81042 -28.80437 -28.79073 -28.77606 -28.75813
 -28.11205 -28.13190 -28.15506 -28.19730 -28.24392 -28.30445 -28.39361 -28.45259
 -28.49658 -28.53484 -28.55383 -28.56792 -28.58265 -28.59248 -28.60094 -28.60987
 -28.61575 -28.62055 -28.62517 -28.62813 -28.63082 -28.63421 -28.63754 -28.64389
 -28.02091 -28.04164 -28.06687 -28.11378 -28.16535 -28.23214 -28.32988 -28.39435
 -28.44248 -28.48345 -28.50277 -28.51683 -28.53196 -28.54200 -28.55060 -28.55956
 -28.56590 -28.57199 -28.57795 -28.58137 -28.58466 -28.59080 -28.59880 -28.61107
 -28.01210 -28.03307 -28.05873 -28.10713 -28.16085 -28.23015 -28.33151 -28.39831
 -28.44808 -28.49146 -28.51202 -28.52611 -28.54075 -28.55062 -28.55898 -28.56795
 -28.57506 -28.58155 -28.58738 -28.59092 -28.59450 -28.60192 -28.61096 -28.62442
 -28.08077 -28.10147 -28.12654 -28.17299 -28.22426 -28.29131 -28.39084 -28.45673
 -28.50591 -28.54898 -28.56988 -28.58428 -28.59876 -28.60871 -28.61695 -28.62523
 -28.63124 -28.63638 -28.64032 -28.64347 -28.64713 -28.65126 -28.65697 -28.66786
 -28.16635 -28.18635 -28.21037 -28.25432 -28.30231 -28.36467 -28.45768 -28.52052
 -28.56810 -28.60924 -28.62852 -28.64196 -28.65665 -28.66609 -28.67344 -28.68144
 -28.68723 -28.69235 -28.69609 -28.69865 -28.70177 -28.70366 -28.70652 -28.71423
 -28.32368 -28.34254 -28.36445 -28.40302 -28.44439 -28.49829 -28.57889 -28.63365
 -28.67580 -28.71226 -28.72908 -28.74155 -28.75571 -28.76450 -28.77132 -28.77859
 -28.78348 -28.78780 -28.79132 -28.79263 -28.79336 -28.79313 -28.79391 -28.79786
 -28.56278 -28.57981 -28.59967 -28.63203 -28.66378 -28.70469 -28.76537 -28.80601
 -28.83802 -28.86704 -28.88088 -28.89162 -28.90371 -28.91146 -28.91857 -28.92662
 -28.93097 -28.93340 -28.93470 -28.93543 -28.93626 -28.93635 -28.93571 -28.93671
 -28.73419 -28.75024 -28.76772 -28.79496 -28.82099 -28.85293 -28.90052 -28.93358
 -28.95817 -28.98138 -28.99561 -29.00598 -29.01636 -29.02364 -29.02970 -29.03631
 -29.04110 -29.04519 -29.04800 -29.04821 -29.04821 -29.04852 -29.04896 -29.04997
 -28.91821 -28.93235 -28.94837 -28.97171 -28.99162 -29.01641 -29.05226 -29.07601
 -29.09528 -29.11427 -29.12494 -29.13388 -29.14424 -29.15131 -29.15731 -29.16415
 -29.16886 -29.17251 -29.17576 -29.17743 -29.17830 -29.17859 -29.17888 -29.18009
 -29.12100 -29.13353 -29.14695 -29.16587 -29.18134 -29.19860 -29.22252 -29.23915
 -29.25320 -29.26778 -29.27655 -29.28409 -29.29292 -29.29910 -29.30497 -29.31165
 -29.31547 -29.31886 -29.32260 -29.32431 -29.32553 -29.32685 -29.32761 -29.32877
 -29.25057 -29.26181 -29.27325 -29.28897 -29.30162 -29.31489 -29.33256 -29.34499
 -29.35565 -29.36746 -29.37522 -29.38192 -29.38954 -29.39475 -29.39973 -29.40580
 -29.40968 -29.41285 -29.41599 -29.41766 -29.41908 -29.42055 -29.42126 -29.42221
 -29.39786 -29.40653 -29.41517 -29.42682 -29.43585 -29.44448 -29.45532 -29.46320
 -29.47038 -29.47869 -29.48424 -29.48948 -29.49533 -29.49876 -29.50239 -29.50739
 -29.51050 -29.51261 -29.51477 -29.51657 -29.51800 -29.51904 -29.51961 -29.52077
 -29.50572 -29.51061 -29.51551 -29.52208 -29.52710 -29.53196 -29.53803 -29.54224
 -29.54586 -29.54989 -29.55269 -29.55563 -29.55960 -29.56239 -29.56484 -29.56688
 -29.56767 -29.56930 -29.57189 -29.57277 -29.57281 -29.57316 -29.57425 -29.57480
 -29.52742 -29.53060 -29.53433 -29.53915 -29.54191 -29.54408 -29.54723 -29.55015
 -29.55257 -29.55491 -29.55665 -29.55872 -29.56074 -29.56140 -29.56299 -29.56543
 -29.56623 -29.56699 -29.56834 -29.56929 -29.56965 -29.56937 -29.56927 -29.57010
 -29.51646 -29.51852 -29.51993 -29.52163 -29.52345 -29.52548 -29.52766 -29.52870
 -29.52971 -29.53105 -29.53195 -29.53295 -29.53418 -29.53492 -29.53582 -29.53729
 -29.53819 -29.53837 -29.53870 -29.53967 -29.54009 -29.53988 -29.53984 -29.53999
 -29.49490 -29.49586 -29.49415 -29.49170 -29.49300 -29.49599 -29.49804 -29.49668
 -29.49593 -29.49632 -29.49630 -29.49597 -29.49686 -29.49875 -29.49896 -29.49852
 -29.49944 -29.49919 -29.49857 -29.49949 -29.49973 -29.49986 -29.50053 -29.49942
 -29.47960 -29.47979 -29.47588 -29.47051 -29.47145 -29.47517 -29.47719 -29.47415
 -29.47217 -29.47189 -29.47123 -29.46994 -29.47059 -29.47330 -29.47302 -29.47122
 -29.47215 -29.47158 -29.47029 -29.47117 -29.47127 -29.47166 -29.47282 -29.47082
 -29.45805 -29.45716 -29.45014 -29.44068 -29.44115 -29.44592 -29.44793 -29.44254
 -29.43884 -29.43762 -29.43604 -29.43341 -29.43373 -29.43759 -29.43661 -29.43288
 -29.43383 -29.43282 -29.43058 -29.43140 -29.43131 -29.43205 -29.43392 -29.43067
 -29.43090 -29.42864 -29.41773 -29.40312 -29.40301 -29.40914 -29.41117 -29.40284
 -29.39697 -29.39459 -29.39185 -29.38753 -29.38741 -29.39273 -29.39087 -29.38471
 -29.38568 -29.38410 -29.38067 -29.38142 -29.38108 -29.38227 -29.38503 -29.38020
 -29.41301 -29.40986 -29.39638 -29.37838 -29.37791 -29.38493 -29.38698 -29.37671
 -29.36942 -29.36627 -29.36277 -29.35733 -29.35694 -29.36321 -29.36077 -29.35301
 -29.35399 -29.35204 -29.34782 -29.34852 -29.34802 -29.34950 -29.35286 -29.34698
 -29.39405 -29.38996 -29.37375 -29.35217 -29.35130 -29.35927 -29.36135 -29.34903
 -29.34023 -29.33626 -29.33196 -29.32533 -29.32464 -29.33193 -29.32888 -29.31941
 -29.32040 -29.31806 -29.31300 -29.31365 -29.31299 -29.31478 -29.31876 -29.31178
 -29.37250 -29.36733 -29.34803 -29.32237 -29.32105 -29.33011 -29.33222 -29.31756
 -29.30705 -29.30215 -29.29693 -29.28896 -29.28792 -29.29637 -29.29262 -29.28122
 -29.28222 -29.27944 -29.27343 -29.27401 -29.27316 -29.27530 -29.27999 -29.27176
 -27.87371 -27.85595 -27.83426 -27.79886 -27.76797 -27.73472 -27.68568 -27.63442
 -27.56830 -27.46376 -27.36881 -27.25546 -27.07396 -26.92230 -26.75466 -26.48619
 -26.24473 -25.97523 -25.58939 -25.32391 -25.07793 -24.73476 -24.46582 -24.19318
 -28.00697 -27.99335 -27.97675 -27.94968 -27.92596 -27.90024 -27.86213 -27.82303
 -27.77268 -27.69141 -27.61667 -27.52807 -27.38825 -27.26887 -27.13430 -26.91891
 -26.72380 -26.50377 -26.18420 -25.94023 -25.69425 -25.35107 -25.08214 -24.80950
 -28.17502 -28.16655 -28.15624 -28.13944 -28.12459 -28.10823 -28.08376 -28.05964
 -28.02867 -27.97630 -27.92683 -27.86902 -27.78066 -27.70151 -27.60840 -27.45899
 -27.32171 -27.16370 -26.92720 -26.72384 -26.50065 -26.18368 -25.93040 -25.66875
 -28.28514 -28.27936 -28.27224 -28.26040 -28.24990 -28.23849 -28.22161 -28.20441
 -28.18204 -28.14490 -28.10995 -28.06878 -28.00506 -27.94806 -27.87988 -27.76623
 -27.66186 -27.54135 -27.35555 -27.19393 -27.01420 -26.75002 -26.52977 -26.29425
 -28.37020 -28.36775 -28.36442 -28.35837 -28.35257 -28.34580 -28.33514 -28.32465
 -28.31093 -28.28660 -28.26376 -28.23699 -28.19445 -28.15553 -28.10849 -28.02936
 -27.95516 -27.86801 -27.73187 -27.61084 -27.47274 -27.26255 -27.08168 -26.88324
 -28.29902 -28.30520 -28.31098 -28.31794 -28.32237 -28.32575 -28.32810 -28.32786
 -28.32595 -28.32116 -28.31477 -28.30549 -28.28879 -28.27208 -28.25032 -28.21066
 -28.17115 -28.12261 -28.04286 -27.96834 -27.87924 -27.73601 -27.60772 -27.46217
 -28.14600 -28.15913 -28.17217 -28.18917 -28.20128 -28.21212 -28.22383 -28.23107
 -28.23750 -28.24526 -28.24962 -28.25211 -28.25243 -28.24981 -28.24392 -28.22956
 -28.21255 -28.18944 -28.14815 -28.10638 -28.05320 -27.96258 -27.87819 -27.77768
 -27.95423 -27.97219 -27.99061 -28.01613 -28.03531 -28.05316 -28.07351 -28.08745
 -28.10108 -28.11916 -28.13240 -28.14479 -28.15927 -28.16801 -28.17479 -28.18122
 -28.18312 -28.18185 -28.17481 -28.16405 -28.14719 -28.11383 -28.07971 -28.03521
 -27.86846 -27.88996 -27.91232 -27.94304 -27.96568 -27.98618 -28.00883 -28.02536
 -28.04254 -28.06523 -28.08223 -28.09873 -28.11875 -28.13224 -28.14434 -28.15837
 -28.16736 -28.17470 -28.18135 -28.18352 -28.18314 -28.17888 -28.17198 -28.16133
 -27.89351 -27.91442 -27.93638 -27.96741 -27.99090 -28.01270 -28.03730 -28.05451
 -28.07189 -28.09567 -28.11363 -28.13087 -28.15178 -28.16592 -28.17872 -28.19408
 -28.20437 -28.21311 -28.22160 -28.22591 -28.22857 -28.22957 -28.22818 -28.22477
 -27.96348 -27.98335 -28.00410 -28.03356 -28.05614 -28.07750 -28.10229 -28.11941
 -28.13635 -28.15952 -28.17662 -28.19297 -28.21370 -28.22723 -28.23913 -28.25442
 -28.26445 -28.27277 -28.28207 -28.28733 -28.29099 -28.29406 -28.29489 -28.29444
 -28.07723 -28.09645 -28.11633 -28.14395 -28.16486 -28.18462 -28.20772 -28.22341
 -28.23857 -28.25919 -28.27489 -28.28989 -28.30761 -28.31967 -28.33082 -28.34424
 -28.35328 -28.36113 -28.36938 -28.37435 -28.37835 -28.38205 -28.38427 -28.38588
 -28.17805 -28.19646 -28.21535 -28.24126 -28.26075 -28.27922 -28.30094 -28.31537
 -28.32926 -28.34891 -28.36338 -28.37688 -28.39366 -28.40462 -28.41430 -28.42669
 -28.43495 -28.44201 -28.45014 -28.45503 -28.45897 -28.46354 -28.46608 -28.46770
 -28.34417 -28.36075 -28.37798 -28.40216 -28.42046 -28.43752 -28.45696 -28.47043
 -28.48345 -28.50004 -28.51304 -28.52597 -28.54067 -28.55025 -28.55921 -28.57063
 -28.57790 -28.58410 -28.59200 -28.59644 -28.59975 -28.60443 -28.60705 -28.60857
 -28.57854 -28.59347 -28.60842 -28.62853 -28.64386 -28.65908 -28.67831 -28.69071
 -28.70143 -28.71537 -28.72621 -28.73702 -28.75030 -28.75914 -28.76711 -28.77680
 -28.78267 -28.78763 -28.79473 -28.80040 -28.80500 -28.80778 -28.81049 -28.81417
 -28.72972 -28.74347 -28.75714 -28.77529 -28.78897 -28.80244 -28.81930 -28.82973
 -28.83922 -28.85370 -28.86309 -28.87126 -28.88404 -28.89194 -28.89826 -28.90811
 -28.91390 -28.91800 -28.92458 -28.93015 -28.93482 -28.93809 -28.94032 -28.94312
 -28.87400 -28.88625 -28.89787 -28.91213 -28.92270 -28.93382 -28.94934 -28.95870
 -28.96634 -28.97786 -28.98596 -28.99312 -29.00289 -29.00951 -29.01531 -29.02287
 -29.02784 -29.03220 -29.03813 -29.04255 -29.04662 -29.05125 -29.05408 -29.05669
 -29.00504 -29.01388 -29.02273 -29.03450 -29.04329 -29.05180 -29.06225 -29.06924
 -29.07550 -29.08330 -29.08913 -29.09491 -29.10219 -29.10693 -29.11122 -29.11707
 -29.12111 -29.12480 -29.12984 -29.13342 -29.13689 -29.14199 -29.14566 -29.14913
 -29.07673 -29.08340 -29.09015 -29.09945 -29.10651 -29.11324 -29.12117 -29.12632
 -29.13096 -29.13697 -29.14156 -29.14617 -29.15203 -29.15569 -29.15890 -29.16354
 -29.16699 -29.17026 -29.17460 -29.17786 -29.18112 -29.18555 -29.18908 -29.19281
 -29.14739 -29.15183 -29.15615 -29.16186 -29.16622 -29.17062 -29.17628 -29.17977
 -29.18268 -29.18659 -29.18959 -29.19243 -29.19585 -29.19849 -29.20112 -29.20407
 -29.20632 -29.20869 -29.21178 -29.21440 -29.21718 -29.22060 -29.22345 -29.22678
 -29.18399 -29.18646 -29.18875 -29.19146 -29.19349 -29.19572 -29.19898 -29.20080
 -29.20206 -29.20399 -29.20569 -29.20740 -29.20936 -29.21046 -29.21147 -29.21334
 -29.21476 -29.21608 -29.21801 -29.21933 -29.22072 -29.22330 -29.22519 -29.22703
 -29.17792 -29.17933 -29.18071 -29.18255 -29.18389 -29.18514 -29.18663 -29.18785
 -29.18898 -29.18981 -29.19057 -29.19164 -29.19301 -29.19380 -29.19453 -29.19584
 -29.19657 -29.19712 -29.19833 -29.19953 -29.20074 -29.20216 -29.20330 -29.20463
 -29.15161 -29.15229 -29.15297 -29.15394 -29.15471 -29.15548 -29.15645 -29.15717
 -29.15778 -29.15823 -29.15861 -29.15912 -29.15978 -29.16026 -29.16079 -29.16158
 -29.16197 -29.16223 -29.16284 -29.16344 -29.16409 -29.16508 -29.16600 -29.16688
 -29.10317 -29.10350 -29.10380 -29.10421 -29.10455 -29.10493 -29.10547 -29.10580
 -29.10610 -29.10662 -29.10675 -29.10675 -29.10715 -29.10758 -29.10786 -29.10789
 -29.10806 -29.10844 -29.10892 -29.10922 -29.10954 -29.11005 -29.11045 -29.11079
 -29.06026 -29.06044 -29.06062 -29.06093 -29.06117 -29.06133 -29.06142 -29.06165
 -29.06198 -29.06223 -29.06231 -29.06240 -29.06261 -29.06279 -29.06294 -29.06309
 -29.06317 -29.06333 -29.06376 -29.06400 -29.06415 -29.06448 -29.06462 -29.06471
 -28.99615 -28.99617 -28.99620 -28.99632 -28.99638 -28.99633 -28.99609 -28.99625
 -28.99646 -28.99604 -28.99633 -28.99703 -28.99684 -28.99627 -28.99609 -28.99698
 -28.99712 -28.99676 -28.99710 -28.99699 -28.99664 -28.99714 -28.99727 -28.99703
 -28.91525 -28.91506 -28.91490 -28.91476 -28.91461 -28.91429 -28.91367 -28.91373
 -28.91377 -28.91252 -28.91307 -28.91455 -28.91386 -28.91233 -28.91173 -28.91358
 -28.91378 -28.91278 -28.91299 -28.91245 -28.91145 -28.91218 -28.91230 -28.91165
 -28.86196 -28.86163 -28.86135 -28.86104 -28.86075 -28.86025 -28.85937 -28.85938
 -28.85931 -28.85750 -28.85823 -28.86022 -28.85921 -28.85704 -28.85616 -28.85865
 -28.85889 -28.85747 -28.85758 -28.85676 -28.85533 -28.85622 -28.85634 -28.85542
 -28.80547 -28.80500 -28.80458 -28.80410 -28.80365 -28.80297 -28.80182 -28.80176
 -28.80157 -28.79918 -28.80010 -28.80263 -28.80127 -28.79843 -28.79726 -28.80041
 -28.80071 -28.79883 -28.79886 -28.79773 -28.79585 -28.79689 -28.79701 -28.79581
 -28.74125 -28.74062 -28.74005 -28.73937 -28.73875 -28.73785 -28.73640 -28.73627
 -28.73594 -28.73288 -28.73401 -28.73717 -28.73541 -28.73181 -28.73030 -28.73421
 -28.73456 -28.73217 -28.73209 -28.73062 -28.72823 -28.72946 -28.72957 -28.72804
 -27.56309 -27.54277 -27.51649 -27.47298 -27.43473 -27.39308 -27.33284 -27.28146
 -27.22330 -27.12823 -27.03362 -26.92041 -26.74247 -26.58223 -26.40218 -26.13691
 -25.91321 -25.66341 -25.28218 -24.95112 -24.59410 -24.18840 -23.94197 -23.68416
 -27.69188 -27.67525 -27.65389 -27.61850 -27.58716 -27.55265 -27.50220 -27.45920
 -27.41089 -27.33231 -27.25364 -27.15885 -27.00945 -26.87545 -26.72456 -26.50081
 -26.31113 -26.09798 -25.77063 -25.48554 -25.17666 -24.80472 -24.55829 -24.30048
 -27.85412 -27.84217 -27.82699 -27.80184 -27.77920 -27.75369 -27.71558 -27.68312
 -27.64721 -27.58942 -27.53082 -27.45924 -27.34580 -27.24486 -27.13071 -26.95928
 -26.81245 -26.64548 -26.38601 -26.15885 -25.91059 -25.58119 -25.33476 -25.07695
 -27.96099 -27.95211 -27.94101 -27.92260 -27.90570 -27.88610 -27.85612 -27.83061
 -27.80288 -27.75877 -27.71340 -27.65711 -27.56735 -27.48818 -27.39823 -27.26126
 -27.14267 -27.00610 -26.79136 -26.60234 -26.39402 -26.09272 -25.84641 -25.58870
 -28.07424 -28.06833 -28.06111 -28.04909 -28.03772 -28.02404 -28.00241 -27.98393
 -27.96415 -27.93304 -27.90065 -27.86010 -27.79480 -27.73653 -27.67025 -27.56858
 -27.47826 -27.37249 -27.20439 -27.05512 -26.88834 -26.64246 -26.43594 -26.21266
 -28.20242 -28.19853 -28.19381 -28.18600 -28.17867 -28.16992 -28.15602 -28.14376
 -28.13004 -28.10802 -28.08602 -28.05965 -28.01662 -27.97491 -27.92796 -27.85821
 -27.79391 -27.71732 -27.59530 -27.48616 -27.36218 -27.17444 -27.01326 -26.83449
 -28.29236 -28.28941 -28.28588 -28.28015 -28.27480 -28.26841 -28.25821 -28.24916
 -28.23896 -28.22260 -28.20631 -28.18614 -28.15307 -28.12269 -28.08759 -28.03350
 -27.98527 -27.92662 -27.82995 -27.74413 -27.64664 -27.49708 -27.36620 -27.21922
 -28.41754 -28.41596 -28.41382 -28.40995 -28.40620 -28.40171 -28.39474 -28.38890
 -28.38277 -28.37295 -28.36212 -28.34849 -28.32653 -28.30649 -28.28343 -28.24715
 -28.21331 -28.17274 -28.10751 -28.04873 -27.98138 -27.87687 -27.78314 -27.67643
 -28.57228 -28.57113 -28.56991 -28.56816 -28.56640 -28.56395 -28.55963 -28.55597
 -28.55239 -28.54701 -28.54090 -28.53343 -28.52157 -28.50998 -28.49640 -28.47529
 -28.45560 -28.43170 -28.39270 -28.35736 -28.31645 -28.25270 -28.19604 -28.13035
 -28.67135 -28.67061 -28.66978 -28.66855 -28.66729 -28.66553 -28.66248 -28.66000
 -28.65773 -28.65445 -28.65048 -28.64550 -28.63756 -28.62983 -28.62050 -28.60568
 -28.59234 -28.57634 -28.54979 -28.52507 -28.49648 -28.45242 -28.41314 -28.36730
 -28.77339 -28.77257 -28.77180 -28.77094 -28.77018 -28.76915 -28.76731 -28.76581
 -28.76444 -28.76253 -28.76022 -28.75675 -28.75068 -28.74576 -28.74000 -28.73073
 -28.72290 -28.71289 -28.69516 -28.67934 -28.66116 -28.63215 -28.60546 -28.57493
 -28.88184 -28.88192 -28.88173 -28.88093 -28.87996 -28.87873 -28.87700 -28.87606
 -28.87581 -28.87605 -28.87524 -28.87280 -28.86779 -28.86451 -28.86144 -28.85704
 -28.85337 -28.84787 -28.83685 -28.82700 -28.81667 -28.80126 -28.78596 -28.76753
 -28.95086 -28.95088 -28.95104 -28.95131 -28.95120 -28.95049 -28.94870 -28.94734
 -28.94658 -28.94679 -28.94719 -28.94617 -28.94247 -28.94008 -28.93775 -28.93446
 -28.93247 -28.92948 -28.92249 -28.91576 -28.90896 -28.89950 -28.88973 -28.87763
 -29.01824 -29.01821 -29.01801 -29.01750 -29.01709 -29.01681 -29.01670 -29.01666
 -29.01653 -29.01609 -29.01556 -29.01503 -29.01436 -29.01368 -29.01284 -29.01143
 -29.00988 -29.00773 -29.00462 -29.00292 -28.99995 -28.99399 -28.99082 -28.98638
 -28.81720 -28.81742 -28.81714 -28.81594 -28.81484 -28.81400 -28.81360 -28.81376
 -28.81421 -28.81489 -28.81504 -28.81494 -28.81493 -28.81537 -28.81571 -28.81581
 -28.81638 -28.81718 -28.81744 -28.81636 -28.81577 -28.81730 -28.81911 -28.81957
 -28.50723 -28.50771 -28.50809 -28.50831 -28.50827 -28.50809 -28.50783 -28.50793
 -28.50857 -28.50977 -28.50995 -28.50972 -28.50985 -28.51076 -28.51133 -28.51131
 -28.51221 -28.51274 -28.51276 -28.51446 -28.51608 -28.51734 -28.51987 -28.52243
 -28.25892 -28.25891 -28.25898 -28.25925 -28.25957 -28.26001 -28.26066 -28.26105
 -28.26120 -28.26126 -28.26172 -28.26235 -28.26305 -28.26349 -28.26398 -28.26475
 -28.26525 -28.26569 -28.26650 -28.26770 -28.26951 -28.27256 -28.27496 -28.27782
 -28.12009 -28.12036 -28.12052 -28.12058 -28.12066 -28.12092 -28.12162 -28.12232
 -28.12302 -28.12379 -28.12418 -28.12456 -28.12511 -28.12541 -28.12588 -28.12693
 -28.12766 -28.12836 -28.12952 -28.13076 -28.13249 -28.13564 -28.13860 -28.14177
 -28.09803 -28.09826 -28.09851 -28.09883 -28.09912 -28.09948 -28.10013 -28.10073
 -28.10138 -28.10214 -28.10251 -28.10303 -28.10396 -28.10428 -28.10468 -28.10565
 -28.10625 -28.10700 -28.10846 -28.10964 -28.11119 -28.11417 -28.11707 -28.12043
 -28.14290 -28.14292 -28.14299 -28.14324 -28.14357 -28.14405 -28.14491 -28.14566
 -28.14638 -28.14717 -28.14762 -28.14822 -28.14917 -28.14951 -28.14998 -28.15110
 -28.15178 -28.15238 -28.15340 -28.15460 -28.15632 -28.15938 -28.16210 -28.16520
 -28.27442 -28.27458 -28.27474 -28.27498 -28.27529 -28.27581 -28.27682 -28.27765
 -28.27831 -28.27886 -28.27923 -28.27977 -28.28066 -28.28111 -28.28162 -28.28245
 -28.28284 -28.28334 -28.28449 -28.28564 -28.28725 -28.28996 -28.29197 -28.29462
 -28.37940 -28.37944 -28.37967 -28.38025 -28.38072 -28.38104 -28.38129 -28.38168
 -28.38251 -28.38378 -28.38394 -28.38409 -28.38507 -28.38584 -28.38616 -28.38613
 -28.38665 -28.38737 -28.38825 -28.38923 -28.39081 -28.39342 -28.39508 -28.39743
 -28.48529 -28.48574 -28.48609 -28.48631 -28.48634 -28.48632 -28.48640 -28.48679
 -28.48764 -28.48897 -28.48924 -28.48912 -28.48932 -28.49012 -28.49062 -28.49059
 -28.49125 -28.49215 -28.49316 -28.49397 -28.49462 -28.49573 -28.49778 -28.50022
 -28.57606 -28.57602 -28.57629 -28.57714 -28.57788 -28.57843 -28.57877 -28.57889
 -28.57902 -28.57913 -28.57905 -28.57953 -28.58086 -28.58089 -28.58047 -28.58060
 -28.58172 -28.58242 -28.58220 -28.58279 -28.58391 -28.58531 -28.58600 -28.58722
 -28.61477 -28.61478 -28.61508 -28.61593 -28.61664 -28.61715 -28.61742 -28.61748
 -28.61757 -28.61774 -28.61781 -28.61788 -28.61801 -28.61799 -28.61778 -28.61788
 -28.61903 -28.61994 -28.61976 -28.61960 -28.62010 -28.62170 -28.62278 -28.62390
 -28.62991 -28.62991 -28.62987 -28.62977 -28.62970 -28.62969 -28.62979 -28.62991
 -28.63002 -28.63013 -28.63024 -28.63017 -28.63032 -28.63147 -28.63238 -28.63223
 -28.63200 -28.63195 -28.63193 -28.63172 -28.63228 -28.63385 -28.63367 -28.63365
 -28.60271 -28.60272 -28.60280 -28.60299 -28.60315 -28.60326 -28.60332 -28.60335
 -28.60340 -28.60348 -28.60349 -28.60357 -28.60344 -28.60250 -28.60176 -28.60189
 -28.60218 -28.60239 -28.60236 -28.60213 -28.60250 -28.60404 -28.60469 -28.60425
 -28.58198 -28.58201 -28.58222 -28.58274 -28.58314 -28.58341 -28.58347 -28.58343
 -28.58346 -28.58354 -28.58348 -28.58369 -28.58329 -28.58069 -28.57860 -28.57898
 -28.57980 -28.58032 -28.58027 -28.58001 -28.58021 -28.58173 -28.58316 -28.58255
 -28.56001 -28.56006 -28.56040 -28.56127 -28.56195 -28.56237 -28.56244 -28.56236
 -28.56236 -28.56245 -28.56232 -28.56266 -28.56199 -28.55761 -28.55411 -28.55475
 -28.55614 -28.55698 -28.55691 -28.55662 -28.55664 -28.55814 -28.56040 -28.55961
 -28.53503 -28.53511 -28.53561 -28.53687 -28.53785 -28.53847 -28.53856 -28.53841
 -28.53841 -28.53851 -28.53831 -28.53879 -28.53781 -28.53143 -28.52632 -28.52724
 -28.52928 -28.53049 -28.53040 -28.53008 -28.52989 -28.53136 -28.53457 -28.53356
 -26.90143 -26.88551 -26.86926 -26.84215 -26.81331 -26.77552 -26.71377 -26.65978
 -26.60033 -26.51294 -26.43967 -26.35527 -26.21007 -26.07291 -25.91072 -25.65126
 -25.43280 -25.19911 -24.84597 -24.54645 -24.21494 -23.70468 -23.29086 -22.95221
 -27.02672 -27.01319 -26.99914 -26.97566 -26.95096 -26.91881 -26.86626 -26.82008
 -26.76898 -26.69372 -26.63070 -26.55815 -26.43291 -26.31434 -26.17423 -25.95049
 -25.76135 -25.55808 -25.25101 -24.98892 -24.69700 -24.24808 -23.88181 -23.56853
 -27.18456 -27.17405 -27.16276 -27.14387 -27.12437 -27.09933 -27.05837 -27.02203
 -26.98144 -26.92147 -26.87138 -26.81376 -26.71365 -26.61852 -26.50620 -26.32747
 -26.17526 -26.01034 -25.76131 -25.54636 -25.30433 -24.93270 -24.62632 -24.34500
 -27.28852 -27.28000 -27.27054 -27.25467 -27.23860 -27.21824 -27.18491 -27.15505
 -27.12139 -27.07148 -27.02991 -26.98212 -26.89856 -26.81888 -26.72487 -26.57577
 -26.44790 -26.30823 -26.09743 -25.91354 -25.70436 -25.38364 -25.11672 -24.85645
 -27.39873 -27.39231 -27.38479 -27.37211 -27.35968 -27.34428 -27.31905 -27.29606
 -27.26973 -27.23050 -27.19796 -27.16059 -27.09459 -27.03126 -26.95667 -26.83899
 -26.73691 -26.62401 -26.45373 -26.30277 -26.12842 -25.86166 -25.63656 -25.39860
 -27.52380 -27.51964 -27.51431 -27.50526 -27.49674 -27.48654 -27.46989 -27.45440
 -27.43632 -27.40901 -27.38623 -27.36001 -27.31346 -27.26833 -27.21497 -27.13143
 -27.05775 -26.97461 -26.84870 -26.73436 -26.59952 -26.39292 -26.21487 -26.01825
 -27.61178 -27.60868 -27.60479 -27.59809 -27.59159 -27.58368 -27.57099 -27.55965
 -27.54669 -27.52661 -27.50886 -27.48803 -27.45305 -27.41897 -27.37755 -27.31231
 -27.25500 -27.18999 -27.08914 -26.99741 -26.88947 -26.72080 -26.57401 -26.41113
 -27.73563 -27.73334 -27.73050 -27.72598 -27.72202 -27.71749 -27.70999 -27.70272
 -27.69382 -27.67962 -27.66710 -27.65265 -27.62880 -27.60603 -27.57837 -27.53346
 -27.49315 -27.44716 -27.37557 -27.30962 -27.23127 -27.10901 -27.00148 -26.87997
 -27.89015 -27.88920 -27.88814 -27.88608 -27.88364 -27.88031 -27.87491 -27.87037
 -27.86541 -27.85746 -27.84979 -27.84072 -27.82728 -27.81378 -27.79619 -27.76867
 -27.74457 -27.71650 -27.67049 -27.62831 -27.57897 -27.50010 -27.43007 -27.35049
 -27.99154 -27.99023 -27.98915 -27.98775 -27.98645 -27.98478 -27.98185 -27.97898
 -27.97542 -27.96942 -27.96368 -27.95712 -27.94783 -27.93856 -27.92626 -27.90657
 -27.88971 -27.87016 -27.83609 -27.80476 -27.76893 -27.71148 -27.65972 -27.60023
 -28.09898 -28.09829 -28.09764 -28.09668 -28.09575 -28.09455 -28.09248 -28.09051
 -28.08813 -28.08426 -28.08068 -28.07648 -28.06970 -28.06299 -28.05458 -28.04120
 -28.02920 -28.01520 -27.99248 -27.96991 -27.94278 -27.90425 -27.86880 -27.82487
 -28.21983 -28.21940 -28.21881 -28.21788 -28.21715 -28.21639 -28.21522 -28.21409
 -28.21265 -28.21023 -28.20795 -28.20525 -28.20090 -28.19667 -28.19141 -28.18286
 -28.17510 -28.16600 -28.15120 -28.13713 -28.12015 -28.09319 -28.06905 -28.04109
 -28.30319 -28.30309 -28.30282 -28.30224 -28.30165 -28.30094 -28.29977 -28.29871
 -28.29752 -28.29589 -28.29473 -28.29337 -28.29017 -28.28696 -28.28332 -28.27729
 -28.27173 -28.26520 -28.25454 -28.24440 -28.23216 -28.21258 -28.19488 -28.17426
 -28.41338 -28.41355 -28.41369 -28.41372 -28.41356 -28.41322 -28.41252 -28.41184
 -28.41109 -28.41005 -28.40931 -28.40850 -28.40680 -28.40484 -28.40238 -28.39869
 -28.39552 -28.39165 -28.38460 -28.37843 -28.37157 -28.35961 -28.34836 -28.33550
 -28.45258 -28.45244 -28.45220 -28.45191 -28.45184 -28.45193 -28.45208 -28.45206
 -28.45190 -28.45178 -28.45200 -28.45231 -28.45194 -28.45168 -28.45174 -28.45119
 -28.45027 -28.44926 -28.44824 -28.44708 -28.44504 -28.44115 -28.43764 -28.43357
 -28.29329 -28.29341 -28.29364 -28.29406 -28.29442 -28.29480 -28.29541 -28.29600
 -28.29670 -28.29773 -28.29851 -28.29926 -28.30028 -28.30145 -28.30300 -28.30503
 -28.30715 -28.30974 -28.31213 -28.31426 -28.31723 -28.32047 -28.32260 -28.32464
 -28.04278 -28.04261 -28.04230 -28.04217 -28.04268 -28.04380 -28.04569 -28.04699
 -28.04805 -28.04936 -28.05057 -28.05212 -28.05463 -28.05680 -28.05935 -28.06387
 -28.06794 -28.07223 -28.07795 -28.08280 -28.08831 -28.09595 -28.10207 -28.10843
 -27.84907 -27.84944 -27.85021 -27.85159 -27.85271 -27.85376 -27.85496 -27.85566
 -27.85629 -27.85754 -27.85922 -27.86126 -27.86330 -27.86604 -27.87026 -27.87497
 -27.87964 -27.88610 -27.89405 -27.89978 -27.90634 -27.91715 -27.92480 -27.93152
 -27.79500 -27.79559 -27.79582 -27.79596 -27.79624 -27.79683 -27.79805 -27.79926
 -27.80067 -27.80269 -27.80425 -27.80602 -27.80957 -27.81315 -27.81688 -27.82081
 -27.82475 -27.83052 -27.83921 -27.84640 -27.85388 -27.86322 -27.87179 -27.88178
 -27.80473 -27.80466 -27.80455 -27.80452 -27.80474 -27.80525 -27.80648 -27.80788
 -27.80964 -27.81223 -27.81416 -27.81592 -27.81817 -27.82066 -27.82432 -27.83054
 -27.83622 -27.84220 -27.84912 -27.85578 -27.86427 -27.87421 -27.88179 -27.89070
 -27.91479 -27.91558 -27.91609 -27.91659 -27.91705 -27.91768 -27.91861 -27.91930
 -27.92001 -27.92143 -27.92320 -27.92537 -27.92779 -27.93062 -27.93477 -27.93984
 -27.94356 -27.94803 -27.95584 -27.96233 -27.96897 -27.97947 -27.98875 -27.99854
 -28.01675 -28.01741 -28.01881 -28.02076 -28.02153 -28.02148 -28.02114 -28.02145
 -28.02259 -28.02487 -28.02677 -28.02862 -28.03110 -28.03344 -28.03640 -28.04103
 -28.04555 -28.05092 -28.05799 -28.06385 -28.07049 -28.07962 -28.08705 -28.09505
 -28.13488 -28.13513 -28.13545 -28.13593 -28.13631 -28.13671 -28.13736 -28.13802
 -28.13889 -28.14039 -28.14181 -28.14344 -28.14579 -28.14798 -28.15061 -28.15440
 -28.15809 -28.16263 -28.16879 -28.17397 -28.17984 -28.18787 -28.19445 -28.20152
 -28.25207 -28.25208 -28.25223 -28.25259 -28.25298 -28.25344 -28.25410 -28.25457
 -28.25507 -28.25605 -28.25725 -28.25879 -28.26071 -28.26199 -28.26349 -28.26682
 -28.26986 -28.27294 -28.27762 -28.28192 -28.28675 -28.29320 -28.29832 -28.30387
 -28.31300 -28.31310 -28.31333 -28.31374 -28.31405 -28.31434 -28.31476 -28.31518
 -28.31572 -28.31656 -28.31724 -28.31798 -28.31928 -28.32067 -28.32240 -28.32482
 -28.32693 -28.32946 -28.33330 -28.33652 -28.33991 -28.34448 -28.34866 -28.35338
 -28.35970 -28.35989 -28.36024 -28.36074 -28.36097 -28.36102 -28.36099 -28.36106
 -28.36128 -28.36179 -28.36233 -28.36293 -28.36366 -28.36480 -28.36634 -28.36719
 -28.36836 -28.37056 -28.37250 -28.37402 -28.37631 -28.37958 -28.38237 -28.38544
 -28.35668 -28.35665 -28.35659 -28.35650 -28.35644 -28.35640 -28.35643 -28.35653
 -28.35672 -28.35717 -28.35771 -28.35819 -28.35808 -28.35817 -28.35875 -28.35935
 -28.35994 -28.36097 -28.36257 -28.36323 -28.36354 -28.36532 -28.36672 -28.36755
 -28.32812 -28.32815 -28.32820 -28.32825 -28.32822 -28.32815 -28.32813 -28.32831
 -28.32865 -28.32906 -28.32912 -28.32894 -28.32878 -28.32921 -28.32991 -28.32981
 -28.32979 -28.33035 -28.33087 -28.33129 -28.33202 -28.33333 -28.33420 -28.33472
 -28.29581 -28.29592 -28.29614 -28.29641 -28.29644 -28.29632 -28.29625 -28.29651
 -28.29702 -28.29737 -28.29688 -28.29594 -28.29579 -28.29669 -28.29760 -28.29669
 -28.29598 -28.29608 -28.29533 -28.29551 -28.29690 -28.29775 -28.29811 -28.29841
 -28.25908 -28.25929 -28.25970 -28.26021 -28.26031 -28.26015 -28.26001 -28.26036
 -28.26105 -28.26135 -28.26023 -28.25843 -28.25829 -28.25973 -28.26086 -28.25903
 -28.25755 -28.25713 -28.25494 -28.25485 -28.25697 -28.25731 -28.25708 -28.25713
-26.23020 -26.20811 -26.18586 -26.16368 -26.14949 -26.13006 -26.08576 -26.03851
 -25.98454 -25.90987 -25.84783 -25.77356 -25.64637 -25.53091 -25.39935 -25.17729
 -24.97639 -24.75598 -24.42318 -24.13949 -23.82907 -23.36306 -22.95566 -22.50171
 -26.34540 -26.32691 -26.30818 -26.28893 -26.27612 -26.25871 -26.22004 -26.17914
 -26.13230 -26.06684 -26.01220 -25.94719 -25.83706 -25.73679 -25.62149 -25.42699
 -25.25084 -25.05685 -24.76390 -24.51396 -24.23953 -23.82530 -23.46243 -23.05795
 -26.49054 -26.47658 -26.46229 -26.44673 -26.43565 -26.42079 -26.38920 -26.35631
 -26.31846 -26.26459 -26.21927 -26.16593 -26.07729 -25.99618 -25.90136 -25.74156
 -25.59660 -25.43590 -25.19316 -24.98573 -24.75665 -24.40765 -24.10088 -23.75873
 -26.58614 -26.57517 -26.56380 -26.55068 -26.54073 -26.52756 -26.50063 -26.47301
 -26.44107 -26.39484 -26.35566 -26.31002 -26.23553 -26.16703 -26.08570 -25.94877
 -25.82434 -25.68558 -25.47590 -25.29648 -25.09726 -24.79123 -24.52142 -24.22032
 -26.68748 -26.67967 -26.67140 -26.66086 -26.65212 -26.64073 -26.61875 -26.59672
 -26.57105 -26.53292 -26.50025 -26.46275 -26.40328 -26.34814 -26.28111 -26.16842
 -26.06576 -25.95025 -25.77562 -25.62589 -25.45833 -25.19785 -24.96721 -24.70962
 -26.80268 -26.79847 -26.79373 -26.78611 -26.77875 -26.76938 -26.75302 -26.73735
 -26.71881 -26.68988 -26.66461 -26.63638 -26.59396 -26.55403 -26.50325 -26.41811
 -26.34021 -26.25112 -26.11634 -26.00036 -25.86879 -25.66009 -25.47399 -25.26586
 -26.88470 -26.88272 -26.88020 -26.87463 -26.86842 -26.86064 -26.84812 -26.83663
 -26.82284 -26.80033 -26.78036 -26.75862 -26.72767 -26.69802 -26.65857 -26.59261
 -26.53188 -26.46121 -26.35415 -26.26166 -26.15524 -25.98303 -25.82827 -25.65478
 -27.00316 -27.00107 -26.99883 -26.99559 -26.99246 -26.98807 -26.97943 -26.97075
 -26.96065 -26.94570 -26.93313 -26.91911 -26.89759 -26.87697 -26.85064 -26.80653
 -26.76517 -26.71640 -26.64175 -26.57639 -26.50019 -26.37542 -26.26133 -26.13105
 -27.15112 -27.14999 -27.14863 -27.14630 -27.14402 -27.14125 -27.13674 -27.13251
 -27.12734 -27.11878 -27.11101 -27.10228 -27.08937 -27.07714 -27.06113 -27.03316
 -27.00759 -26.97873 -26.93304 -26.89139 -26.84227 -26.76205 -26.68813 -26.60240
 -27.24804 -27.24741 -27.24670 -27.24535 -27.24391 -27.24202 -27.23875 -27.23562
 -27.23189 -27.22595 -27.22065 -27.21463 -27.20539 -27.19656 -27.18518 -27.16578
 -27.14771 -27.12659 -27.09324 -27.06349 -27.02859 -26.96960 -26.91427 -26.85043
 -27.35106 -27.35054 -27.35000 -27.34911 -27.34820 -27.34699 -27.34481 -27.34269
 -27.34018 -27.33630 -27.33283 -27.32876 -27.32219 -27.31590 -27.30803 -27.29470
 -27.28235 -27.26800 -27.24519 -27.22400 -27.19839 -27.15645 -27.11793 -27.07305
 -27.46903 -27.46863 -27.46810 -27.46722 -27.46645 -27.46559 -27.46431 -27.46319
 -27.46186 -27.45965 -27.45749 -27.45475 -27.44998 -27.44558 -27.44049 -27.43221
 -27.42431 -27.41478 -27.39981 -27.38614 -27.36951 -27.34151 -27.31558 -27.28549
 -27.55160 -27.55166 -27.55160 -27.55123 -27.55069 -27.54997 -27.54876 -27.54773
 -27.54667 -27.54530 -27.54401 -27.54209 -27.53810 -27.53485 -27.53193 -27.52623
 -27.52000 -27.51253 -27.50141 -27.49157 -27.47950 -27.45869 -27.43940 -27.41722
 -27.66784 -27.66715 -27.66651 -27.66614 -27.66618 -27.66623 -27.66595 -27.66538
 -27.66455 -27.66312 -27.66188 -27.66059 -27.65891 -27.65719 -27.65481 -27.65156
 -27.64839 -27.64378 -27.63614 -27.62939 -27.62166 -27.60936 -27.59723 -27.58195
 -27.81041 -27.81044 -27.81051 -27.81071 -27.81082 -27.81072 -27.81003 -27.80913
 -27.80809 -27.80680 -27.80608 -27.80574 -27.80599 -27.80560 -27.80397 -27.80163
 -27.79966 -27.79701 -27.79326 -27.79025 -27.78644 -27.77851 -27.77119 -27.76368
 -27.90183 -27.90177 -27.90176 -27.90190 -27.90202 -27.90195 -27.90132 -27.90052
 -27.89968 -27.89884 -27.89852 -27.89849 -27.89878 -27.89835 -27.89685 -27.89477
 -27.89310 -27.89115 -27.88952 -27.88767 -27.88427 -27.88060 -27.87681 -27.87037
 -27.99244 -27.99248 -27.99249 -27.99239 -27.99230 -27.99235 -27.99278 -27.99313
 -27.99308 -27.99183 -27.99031 -27.98896 -27.98839 -27.98852 -27.98866 -27.98941
 -27.98868 -27.98610 -27.98520 -27.98511 -27.98304 -27.97994 -27.97713 -27.97304
 -28.08687 -28.08689 -28.08691 -28.08691 -28.08690 -28.08690 -28.08694 -28.08698
 -28.08698 -28.08687 -28.08667 -28.08636 -28.08582 -28.08560 -28.08570 -28.08557
 -28.08507 -28.08435 -28.08341 -28.08282 -28.08221 -28.08075 -28.07907 -28.07709
 -28.14713 -28.14694 -28.14675 -28.14664 -28.14664 -28.14668 -28.14670 -28.14668
 -28.14666 -28.14666 -28.14667 -28.14669 -28.14669 -28.14650 -28.14612 -28.14589
 -28.14576 -28.14538 -28.14472 -28.14430 -28.14395 -28.14298 -28.14202 -28.14114
 -28.21755 -28.21753 -28.21751 -28.21749 -28.21749 -28.21750 -28.21750 -28.21751
 -28.21751 -28.21750 -28.21749 -28.21749 -28.21751 -28.21751 -28.21747 -28.21744
 -28.21750 -28.21753 -28.21702 -28.21665 -28.21668 -28.21633 -28.21579 -28.21536
 -28.28119 -28.28118 -28.28118 -28.28117 -28.28117 -28.28118 -28.28118 -28.28118
 -28.28118 -28.28118 -28.28117 -28.28117 -28.28118 -28.28118 -28.28117 -28.28117
 -28.28117 -28.28116 -28.28116 -28.28123 -28.28128 -28.28084 -28.28050 -28.28055
 -28.30537 -28.30537 -28.30537 -28.30538 -28.30538 -28.30538 -28.30537 -28.30537
 -28.30537 -28.30537 -28.30538 -28.30538 -28.30537 -28.30537 -28.30538 -28.30538
 -28.30538 -28.30538 -28.30537 -28.30536 -28.30535 -28.30543 -28.30554 -28.30557
 -28.31491 -28.31491 -28.31491 -28.31491 -28.31491 -28.31491 -28.31491 -28.31491
 -28.31491 -28.31491 -28.31491 -28.31491 -28.31491 -28.31491 -28.31491 -28.31491
 -28.31491 -28.31491 -28.31491 -28.31491 -28.31491 -28.31492 -28.31484 -28.31475
 -28.30764 -28.30764 -28.30764 -28.30764 -28.30764 -28.30764 -28.30764 -28.30764
 -28.30764 -28.30764 -28.30764 -28.30764 -28.30764 -28.30764 -28.30764 -28.30764
 -28.30764 -28.30764 -28.30764 -28.30764 -28.30763 -28.30767 -28.30761 -28.30753
 -28.29233 -28.29233 -28.29233 -28.29233 -28.29233 -28.29233 -28.29233 -28.29233
 -28.29233 -28.29233 -28.29233 -28.29233 -28.29233 -28.29233 -28.29233 -28.29233
 -28.29233 -28.29233 -28.29233 -28.29233 -28.29233 -28.29234 -28.29233 -28.29232
 -28.25823 -28.25823 -28.25823 -28.25823 -28.25823 -28.25823 -28.25823 -28.25823
 -28.25823 -28.25823 -28.25823 -28.25823 -28.25823 -28.25823 -28.25823 -28.25823
 -28.25823 -28.25823 -28.25823 -28.25823 -28.25823 -28.25823 -28.25823 -28.25822
 -28.20158 -28.20158 -28.20158 -28.20158 -28.20158 -28.20158 -28.20158 -28.20158
 -28.20158 -28.20158 -28.20158 -28.20158 -28.20158 -28.20158 -28.20158 -28.20158
 -28.20158 -28.20158 -28.20158 -28.20158 -28.20158 -28.20158 -28.20158 -28.20158
 -28.15636 -28.15636 -28.15636 -28.15636 -28.15636 -28.15636 -28.15636 -28.15636
 -28.15636 -28.15636 -28.15636 -28.15636 -28.15636 -28.15636 -28.15636 -28.15636
 -28.15636 -28.15636 -28.15636 -28.15636 -28.15636 -28.15636 -28.15636 -28.15635
 -28.10397 -28.10397 -28.10397 -28.10397 -28.10397 -28.10397 -28.10397 -28.10397
 -28.10397 -28.10397 -28.10397 -28.10397 -28.10397 -28.10397 -28.10397 -28.10397
 -28.10397 -28.10397 -28.10397 -28.10397 -28.10397 -28.10397 -28.10397 -28.10397
 -28.04383 -28.04383 -28.04383 -28.04383 -28.04383 -28.04383 -28.04383 -28.04383
 -28.04383 -28.04383 -28.04383 -28.04383 -28.04383 -28.04383 -28.04383 -28.04383
 -28.04383 -28.04383 -28.04383 -28.04383 -28.04383 -28.04383 -28.04383 -28.04383
C-------------------------------------------------------------------------------
C
C     RADIATED POWERS IN UNITS OF W CM**3
C     -----------------------------------
C
C     INPUT DATA
C         FOR YEAR: 96 AND WITH PREFIX: pj
C         FOR c  RECOMBINING ION CHARGE(S)  1 TO  6
C
C     CODE     : ADAS404
C     PRODUCER : Martin O'Mullane              
C     DATE     : 04/11/99
C
C-------------------------------------------------------------------------------
 
C---------------------------------------------------------------------------------
C ADAS ADF11 DATA - SCCS info: @(#)$Header: /home/adascvs/adas/adf11/prb96/prb96_c.dat,v 2.2 2012/06/29 18:34:46 mog Exp $ Date $Date: 2012/06/29 18:34:46 $
C---------------------------------------------------------------------------------

C-----------------------------------------------------------------------
C                               OPEN-ADAS
C                               +++++++++
C
C This file has been downloaded from OPEN-ADAS (http://open.adas.ac.uk)
C on 23-Apr-2020.
C
C TERMS AND CONDITIONS
C --------------------
C
C The user of the OPEN-ADAS system and data (hereinafter "the User")
C accepts the following terms and conditions:
C
C   1. The University of Strathclyde uses all reasonable endeavours to
C      ensure the accuracy of the data provided and any information
C      given, but the University makes no warranty, expressed or implied
C      as to its accuracy, integrity, fitness for purpose and shall not
C      be responsible for the use to which the data is put by the User
C      and/or any consequences arising out of any inaccuracies or
C      omissions.
C
C   2. Any downloaded OPEN-ADAS file is made available for the
C      personal use of the User only.  It must not be used for any
C      commercial application, incorporated into any web site or in
C      any form re-distributed without express prior written permission
C      from the ADAS Project. In particular, but not by way of
C      limitation, it must not be:
C        *  inserted into a managed database structure,
C        *  redistributed along with a modelling or analysis code,
C        *  made available on a public website.
C
C Permission for OPEN-ADAS data incorporation in non-commercial
C code/system development for scientific advance will not be
C unreasonably withheld, but will be subject to written agreement
C on a case by case basis.
C
C The User will indemnify the University of Strathclyde and keep it
C fully and effectively indemnified against each and every claim made
C against the University as a result of the User's use of the data.
C
C-----------------------------------------------------------------------
