   10   24   30
   7.69897   8.00000   8.30103   8.69897   9.00000   9.30103   9.69897  10.00000
  10.30103  10.69897  11.00000  11.30103  11.69897  12.00000  12.30103  12.69897
  13.00000  13.30103  13.69897  14.00000  14.30103  14.69897  15.00000  15.30103
  -0.69877  -0.52268  -0.30083  -0.15470   0.00020   0.17629   0.30123   0.47732
   0.69917   0.84530   1.00020   1.17629   1.30123   1.47732   1.69917   1.84530
   2.00020   2.17629   2.30123   2.47732   2.69917   2.84530   3.00020   3.17629
   3.30123   3.47732   3.69917   3.84530   4.00020   4.17629
 -55.74270 -55.40667 -55.04062 -54.53738 -54.15010 -53.75843 -53.23506 -52.83385
 -52.42615 -51.87629 -51.44977 -51.01080 -50.40690 -49.92942 -49.43514 -48.77641
 -48.29125 -47.83039 -47.27711 -46.90095 -46.55413 -46.06994 -45.82556 -45.53338
 -39.69365 -39.69296 -39.69126 -39.68416 -39.66908 -39.63319 -39.51362 -39.33057
 -39.05448 -38.58213 -38.17991 -37.75489 -37.16716 -36.70492 -36.22931 -35.59405
 -35.12555 -34.68164 -34.11333 -33.75124 -33.45563 -33.03831 -32.73140 -32.42454
 -27.56065 -27.56059 -27.56044 -27.56015 -27.55918 -27.55639 -27.54771 -27.53018
 -27.48775 -27.34788 -27.13701 -26.82860 -26.31883 -25.89407 -25.45527 -24.87554
 -24.45168 -24.05067 -23.56191 -23.22232 -22.90611 -22.53450 -22.27990 -22.02886
 -22.15735 -22.15734 -22.15733 -22.15723 -22.15706 -22.15672 -22.15520 -22.15141
 -22.14178 -22.10710 -22.04199 -21.91066 -21.59097 -21.24593 -20.85100 -20.30613
 -19.90272 -19.52033 -19.05560 -18.73917 -18.45618 -18.14461 -17.94255 -17.74474
 -18.15814 -18.15814 -18.15813 -18.15813 -18.15807 -18.15789 -18.15764 -18.15668
 -18.15366 -18.14407 -18.12437 -18.07516 -17.90895 -17.66957 -17.34302 -16.84815
 -16.46986 -16.10690 -15.67114 -15.38783 -15.15134 -14.90104 -14.73914 -14.58053
 -14.93287 -14.93287 -14.93287 -14.93286 -14.93285 -14.93281 -14.93269 -14.93234
 -14.93141 -14.92832 -14.92138 -14.90330 -14.83536 -14.71258 -14.49910 -14.09935
 -13.76001 -13.42558 -13.03455 -12.79643 -12.61188 -12.41801 -12.28676 -12.15693
 -13.24806 -13.24806 -13.24806 -13.24806 -13.24805 -13.24802 -13.24802 -13.24784
 -13.24718 -13.24548 -13.24194 -13.23261 -13.19696 -13.12606 -12.98488 -12.67104
 -12.37163 -12.06486 -11.71270 -11.50662 -11.34984 -11.18722 -11.07799 -10.96999
 -11.53698 -11.53697 -11.53696 -11.53695 -11.53696 -11.53695 -11.53688 -11.53682
 -11.53674 -11.53599 -11.53407 -11.52938 -11.51154 -11.47453 -11.39293 -11.17866
 -10.94244 -10.68036 -10.38107 -10.21481 -10.09008  -9.96025  -9.87260  -9.78583
 -10.10591 -10.10593 -10.10597 -10.10597 -10.10594 -10.10598 -10.10597 -10.10602
 -10.10615 -10.10486 -10.10317 -10.10142 -10.09263 -10.07341 -10.03061  -9.90263
  -9.73749  -9.53730  -9.30221  -9.17281  -9.07393  -8.96950  -8.89940  -8.83014
  -9.44557  -9.44555  -9.44536  -9.44533  -9.44543  -9.44533  -9.44499  -9.44486
  -9.44491  -9.44374  -9.44227  -9.44098  -9.43453  -9.42135  -9.39315  -9.30453
  -9.18121  -9.02187  -8.82614  -8.71598  -8.62883  -8.53528  -8.47286  -8.41130
  -8.91156  -8.91153  -8.91129  -8.91080  -8.91039  -8.91000  -8.90976  -8.90952
  -8.90880  -8.90787  -8.90691  -8.90485  -8.90019  -8.89226  -8.87385  -8.81447
  -8.72788  -8.60854  -8.45126  -8.35849  -8.28282  -8.19970  -8.14358  -8.08821
  -8.44667  -8.44671  -8.44689  -8.44612  -8.44530  -8.44544  -8.44566  -8.44518
  -8.44432  -8.44281  -8.44161  -8.44041  -8.43725  -8.43171  -8.42007  -8.38360
  -8.32782  -8.24523  -8.12840  -8.05562  -7.99259  -7.92086  -7.87207  -7.82393
  -8.18806  -8.18806  -8.18804  -8.18801  -8.18762  -8.18659  -8.18548  -8.18519
  -8.18504  -8.18460  -8.18357  -8.18164  -8.17885  -8.17527  -8.16703  -8.14157
  -8.10147  -8.03888  -7.94544  -7.88470  -7.83060  -7.76741  -7.72359  -7.68023
  -7.90375  -7.90372  -7.90361  -7.90415  -7.90380  -7.90126  -7.89971  -7.90017
  -7.89960  -7.89992  -7.89978  -7.89675  -7.89485  -7.89433  -7.88927  -7.87274
  -7.84699  -7.80491  -7.73702  -7.69014  -7.64752  -7.59479  -7.55588  -7.51702
  -7.62717  -7.62718  -7.62719  -7.62714  -7.62714  -7.62733  -7.62764  -7.62746
  -7.62662  -7.62576  -7.62535  -7.62460  -7.62378  -7.62260  -7.61927  -7.61007
  -7.59567  -7.57088  -7.52713  -7.49369  -7.46126  -7.41992  -7.38917  -7.35833
  -7.47559  -7.47559  -7.47558  -7.47563  -7.47567  -7.47563  -7.47549  -7.47558
  -7.47594  -7.47518  -7.47427  -7.47443  -7.47377  -7.47235  -7.47086  -7.46476
  -7.45412  -7.43662  -7.40433  -7.37824  -7.35219  -7.31741  -7.29054  -7.26340
  -7.33211  -7.33212  -7.33215  -7.33197  -7.33176  -7.33176  -7.33181  -7.33179
  -7.33178  -7.33149  -7.33112  -7.33082  -7.33037  -7.32980  -7.32869  -7.32439
  -7.31730  -7.30541  -7.28235  -7.26259  -7.24204  -7.21330  -7.19035  -7.16703
  -7.18272  -7.18273  -7.18277  -7.18256  -7.18232  -7.18229  -7.18232  -7.18231
  -7.18232  -7.18233  -7.18223  -7.18197  -7.18162  -7.18132  -7.18060  -7.17805
  -7.17384  -7.16641  -7.15069  -7.13613  -7.12049  -7.09757  -7.07862  -7.05916
  -7.08386  -7.08385  -7.08384  -7.08392  -7.08403  -7.08405  -7.08398  -7.08403
  -7.08419  -7.08330  -7.08234  -7.08236  -7.08233  -7.08175  -7.08111  -7.08000
  -7.07742  -7.07149  -7.05995  -7.04908  -7.03557  -7.01578  -7.00021  -6.98426
  -6.95148  -6.95149  -6.95151  -6.95141  -6.95132  -6.95134  -6.95118  -6.95131
  -6.95188  -6.94890  -6.94534  -6.94475  -6.94548  -6.94550  -6.94533  -6.94557
  -6.94391  -6.93844  -6.93282  -6.92747  -6.91495  -6.89874  -6.89003  -6.88150
  -6.78552  -6.78554  -6.78562  -6.78522  -6.78479  -6.78481  -6.78453  -6.78478
  -6.78588  -6.78016  -6.77318  -6.77170  -6.77341  -6.77428  -6.77472  -6.77640
  -6.77544  -6.76972  -6.77052  -6.77176  -6.76008  -6.74824  -6.74837  -6.74949
  -6.67621  -6.67624  -6.67636  -6.67575  -6.67510  -6.67511  -6.67475  -6.67508
  -6.67653  -6.66902  -6.65977  -6.65771  -6.66007  -6.66149  -6.66231  -6.66486
  -6.66422  -6.65806  -6.66263  -6.66799  -6.65676  -6.64773  -6.65365  -6.66109
  -6.56034  -6.56038  -6.56053  -6.55971  -6.55883  -6.55883  -6.55840  -6.55881
  -6.56062  -6.55120  -6.53957  -6.53687  -6.53992  -6.54192  -6.54314  -6.54656
  -6.54618  -6.53940  -6.54771  -6.55729  -6.54645  -6.54033  -6.55235  -6.56645
  -6.42861  -6.42866  -6.42886  -6.42780  -6.42665  -6.42665  -6.42612  -6.42662
  -6.42886  -6.41727  -6.40291  -6.39951  -6.40333  -6.40599  -6.40764  -6.41203
  -6.41187  -6.40426  -6.41659  -6.43081  -6.42033  -6.41746  -6.43635  -6.45796
  -6.33515  -6.33521  -6.33544  -6.33421  -6.33287  -6.33286  -6.33227  -6.33284
  -6.33537  -6.32224  -6.30596  -6.30205  -6.30642  -6.30955  -6.31150  -6.31655
  -6.31652  -6.30826  -6.32333  -6.34079  -6.33052  -6.32989  -6.35363  -6.38054
  -6.20342  -6.20349  -6.20377  -6.20230  -6.20069  -6.20067  -6.19999  -6.20065
  -6.20361  -6.18831  -6.16930  -6.16468  -6.16983  -6.17361  -6.17598  -6.18195
  -6.18208  -6.17285  -6.19168  -6.21362  -6.20359  -6.20609  -6.23660  -6.27094
  -6.03747  -6.03755  -6.03789  -6.03611  -6.03416  -6.03414  -6.03334  -6.03412
  -6.03760  -6.01958  -5.99714  -5.99162  -5.99774  -6.00234  -6.00524  -6.01235
  -6.01263  -6.00212  -6.02560  -6.05308  -6.04329  -6.04964  -6.08864  -6.13227
  -5.92815  -5.92825  -5.92863  -5.92664  -5.92448  -5.92444  -5.92357  -5.92442
  -5.92826  -5.90843  -5.88373  -5.87763  -5.88439  -5.88953  -5.89277  -5.90063
  -5.90100  -5.88963  -5.91611  -5.94721  -5.93754  -5.94640  -5.99096  -6.04067
  -5.81228  -5.81238  -5.81280  -5.81060  -5.80820  -5.80816  -5.80721  -5.80815
  -5.81235  -5.79062  -5.76353  -5.75679  -5.76424  -5.76994  -5.77355  -5.78219
  -5.78265  -5.77035  -5.79999  -5.83490  -5.82535  -5.83684  -5.88726  -5.94340
  -5.68055  -5.68067  -5.68113  -5.67869  -5.67603  -5.67598  -5.67493  -5.67596
  -5.68059  -5.65669  -5.62687  -5.61943  -5.62764  -5.63400  -5.63802  -5.64755
  -5.64810  -5.63473  -5.66795  -5.70716  -5.69772  -5.71218  -5.76926  -5.83268
 -71.82719 -71.83274 -71.83828 -71.84534 -71.84999 -71.85313 -71.85955 -71.86361
 -71.85586 -71.97331 -72.18750 -72.29246 -72.33077 -72.38796 -72.44230 -72.50902
 -72.56226 -72.58988 -72.53524 -72.38449 -72.17665 -71.88797 -71.68399 -71.52396
 -65.24012 -64.99837 -64.73070 -64.36139 -64.08540 -63.81425 -63.46494 -63.20658
 -62.94825 -62.60228 -62.33575 -62.06413 -61.69498 -61.40676 -61.11057 -60.69813
 -60.37067 -60.04544 -59.57018 -59.14919 -58.73713 -58.27375 -58.00085 -57.80391
 -43.98830 -43.96215 -43.91930 -43.81547 -43.67075 -43.44072 -43.01688 -42.63600
 -42.23311 -41.68718 -41.26869 -40.84546 -40.27434 -39.82995 -39.37392 -38.75024
 -38.25914 -37.74811 -37.04917 -36.52078 -36.02021 -35.45319 -35.12543 -34.88938
 -33.78659 -33.78433 -33.78115 -33.77488 -33.76680 -33.75123 -33.69391 -33.58645
 -33.38975 -33.00074 -32.63966 -32.24966 -31.70899 -31.28610 -30.85336 -30.26433
 -29.80271 -29.32509 -28.67333 -28.17857 -27.70605 -27.16471 -26.84883 -26.62133
 -26.13628 -26.13482 -26.13298 -26.13074 -26.12983 -26.12965 -26.12845 -26.12076
 -26.09547 -26.00770 -25.86945 -25.64328 -25.22319 -24.84295 -24.43512 -23.87043
 -23.42714 -22.97063 -22.35194 -21.88644 -21.44864 -20.95882 -20.68015 -20.48133
 -20.13778 -20.13944 -20.14146 -20.14400 -20.14483 -20.14371 -20.13970 -20.13703
 -20.13792 -20.13968 -20.12662 -20.07726 -19.91596 -19.69885 -19.39670 -18.90422
 -18.49123 -18.05988 -17.48637 -17.08194 -16.74706 -16.41986 -16.23875 -16.09749
 -17.12701 -17.12655 -17.12599 -17.12529 -17.12505 -17.12529 -17.12634 -17.12681
 -17.12519 -17.11898 -17.11056 -17.09558 -17.04308 -16.94281 -16.75206 -16.36056
 -15.98808 -15.58157 -15.05575 -14.72111 -14.47963 -14.26596 -14.13203 -14.00605
 -14.06432 -14.06442 -14.06455 -14.06472 -14.06478 -14.06468 -14.06451 -14.06447
 -14.06436 -14.06393 -14.06255 -14.05805 -14.04132 -14.00801 -13.93360 -13.71555
 -13.44274 -13.10324 -12.67575 -12.45109 -12.31190 -12.17804 -12.05520 -11.91073
 -11.56016 -11.56016 -11.56017 -11.56009 -11.55999 -11.56009 -11.55982 -11.55904
 -11.55859 -11.55864 -11.55843 -11.55702 -11.55169 -11.54128 -11.51670 -11.42798
 -11.28484 -11.06488 -10.77852 -10.65017 -10.57060 -10.45986 -10.33122 -10.17046
 -10.44441 -10.44436 -10.44432 -10.44430 -10.44431 -10.44426 -10.44412 -10.44405
 -10.44410 -10.44359 -10.44247 -10.44137 -10.43858 -10.43268 -10.41942 -10.37141
 -10.28629 -10.13980  -9.93989  -9.85242  -9.79179  -9.68902  -9.56643  -9.41280
  -9.57091  -9.57070  -9.56986  -9.56884  -9.56882  -9.56891  -9.56882  -9.56867
  -9.56856  -9.56839  -9.56804  -9.56726  -9.56488  -9.56111  -9.55373  -9.52791
  -9.47998  -9.39185  -9.26478  -9.20652  -9.16142  -9.07416  -8.96727  -8.83446
  -8.84730  -8.84720  -8.84682  -8.84643  -8.84654  -8.84656  -8.84634  -8.84616
  -8.84603  -8.84613  -8.84610  -8.84485  -8.84222  -8.84010  -8.83616  -8.82240
  -8.79717  -8.75029  -8.67898  -8.64234  -8.61088  -8.54598  -8.46461  -8.36202
  -8.46267  -8.46268  -8.46274  -8.46267  -8.46241  -8.46224  -8.46222  -8.46220
  -8.46196  -8.46155  -8.46121  -8.46035  -8.45864  -8.45700  -8.45406  -8.44505
  -8.42916  -8.39901  -8.35141  -8.32520  -8.30135  -8.25111  -8.18766  -8.10627
  -8.05279  -8.05277  -8.05267  -8.05239  -8.05216  -8.05209  -8.05212  -8.05199
  -8.05167  -8.05113  -8.05078  -8.05044  -8.04965  -8.04843  -8.04640  -8.04111
  -8.03239  -8.01590  -7.98882  -7.97233  -7.95617  -7.92170  -7.87833  -7.82221
  -7.69559  -7.69556  -7.69542  -7.69526  -7.69528  -7.69535  -7.69524  -7.69506
  -7.69524  -7.69466  -7.69309  -7.69231  -7.69246  -7.69219  -7.69075  -7.68784
  -7.68415  -7.67549  -7.66009  -7.65053  -7.64089  -7.62007  -7.59356  -7.55830
  -7.52893  -7.52894  -7.52894  -7.52896  -7.52897  -7.52890  -7.52878  -7.52878
  -7.52886  -7.52837  -7.52738  -7.52681  -7.52680  -7.52664  -7.52567  -7.52366
  -7.52114  -7.51526  -7.50463  -7.49773  -7.49071  -7.47575  -7.45640  -7.42954
  -7.39606  -7.39606  -7.39607  -7.39607  -7.39607  -7.39606  -7.39605  -7.39606
  -7.39606  -7.39603  -7.39597  -7.39597  -7.39582  -7.39524  -7.39396  -7.39204
  -7.39051  -7.38731  -7.38047  -7.37484  -7.36936  -7.35846  -7.34407  -7.32391
  -7.28918  -7.28917  -7.28917  -7.28917  -7.28916  -7.28917  -7.28918  -7.28918
  -7.28919  -7.28919  -7.28922  -7.28948  -7.28953  -7.28888  -7.28794  -7.28681
  -7.28576  -7.28334  -7.27850  -7.27484  -7.27107  -7.26280  -7.25191  -7.23724
  -7.23735  -7.23735  -7.23735  -7.23735  -7.23735  -7.23735  -7.23735  -7.23735
  -7.23733  -7.23737  -7.23739  -7.23704  -7.23639  -7.23616  -7.23607  -7.23566
  -7.23459  -7.23243  -7.22853  -7.22561  -7.22252  -7.21579  -7.20692  -7.19461
  -7.18733  -7.18733  -7.18733  -7.18733  -7.18733  -7.18733  -7.18733  -7.18733
  -7.18731  -7.18737  -7.18741  -7.18706  -7.18666  -7.18676  -7.18640  -7.18558
  -7.18509  -7.18397  -7.18111  -7.17836  -7.17563  -7.17057  -7.16393  -7.15420
  -7.14327  -7.14327  -7.14327  -7.14327  -7.14327  -7.14327  -7.14327  -7.14327
  -7.14327  -7.14327  -7.14326  -7.14328  -7.14329  -7.14329  -7.14341  -7.14296
  -7.14178  -7.14050  -7.13835  -7.13620  -7.13436  -7.13109  -7.12635  -7.11927
  -7.12049  -7.12049  -7.12049  -7.12049  -7.12049  -7.12049  -7.12049  -7.12049
  -7.12049  -7.12048  -7.12048  -7.12052  -7.12041  -7.12004  -7.11961  -7.11915
  -7.11882  -7.11823  -7.11670  -7.11509  -7.11347  -7.11044  -7.10633  -7.10013
  -7.09935  -7.09935  -7.09935  -7.09935  -7.09935  -7.09935  -7.09935  -7.09935
  -7.09935  -7.09934  -7.09934  -7.09938  -7.09928  -7.09894  -7.09847  -7.09816
  -7.09819  -7.09773  -7.09639  -7.09519  -7.09382  -7.09166  -7.08891  -7.08351
  -7.07605  -7.07605  -7.07605  -7.07605  -7.07605  -7.07605  -7.07605  -7.07605
  -7.07605  -7.07605  -7.07605  -7.07605  -7.07596  -7.07581  -7.07568  -7.07573
  -7.07574  -7.07508  -7.07375  -7.07296  -7.07194  -7.07108  -7.07018  -7.06569
  -7.05950  -7.05950  -7.05950  -7.05950  -7.05950  -7.05950  -7.05950  -7.05950
  -7.05950  -7.05951  -7.05951  -7.05948  -7.05940  -7.05937  -7.05948  -7.05979
  -7.05979  -7.05897  -7.05763  -7.05714  -7.05636  -7.05643  -7.05684  -7.05298
  -7.03616  -7.03616  -7.03616  -7.03616  -7.03616  -7.03616  -7.03616  -7.03616
  -7.03615  -7.03616  -7.03617  -7.03610  -7.03602  -7.03615  -7.03661  -7.03730
  -7.03727  -7.03621  -7.03485  -7.03478  -7.03433  -7.03572  -7.03799  -7.03500
  -7.00670  -7.00670  -7.00670  -7.00670  -7.00670  -7.00670  -7.00670  -7.00670
  -7.00669  -7.00671  -7.00673  -7.00661  -7.00652  -7.00681  -7.00772  -7.00891
  -7.00884  -7.00745  -7.00605  -7.00651  -7.00648  -7.00951  -7.01415  -7.01223
  -6.98727  -6.98727  -6.98727  -6.98727  -6.98727  -6.98727  -6.98727  -6.98727
  -6.98726  -6.98729  -6.98730  -6.98716  -6.98706  -6.98744  -6.98865  -6.99018
  -6.99008  -6.98846  -6.98702  -6.98783  -6.98807  -6.99217  -6.99838  -6.99716
  -6.96665  -6.96665  -6.96665  -6.96665  -6.96665  -6.96665  -6.96665  -6.96666
  -6.96664  -6.96667  -6.96669  -6.96652  -6.96641  -6.96686  -6.96840  -6.97030
  -6.97016  -6.96829  -6.96680  -6.96799  -6.96851  -6.97374  -6.98162  -6.98112
  -6.94319  -6.94319  -6.94319  -6.94319  -6.94319  -6.94319  -6.94319  -6.94319
  -6.94318  -6.94321  -6.94323  -6.94303  -6.94290  -6.94342  -6.94533  -6.94767
  -6.94748  -6.94530  -6.94376  -6.94538  -6.94620  -6.95273  -6.96252  -6.96281
 -73.52288 -73.52288 -73.52288 -73.52288 -73.52288 -73.52288 -73.52288 -73.52288
 -73.52288 -73.52288 -73.52288 -73.52288 -73.52288 -73.52288 -73.52288 -73.52288
 -73.52288 -73.52288 -73.52288 -73.52288 -73.52288 -73.52288 -73.52288 -73.52288
 -73.52288 -73.52288 -73.52288 -73.52288 -73.52288 -73.52288 -73.52288 -73.52288
 -73.52288 -73.52288 -73.52288 -73.52288 -73.52288 -73.52288 -73.52288 -73.52288
 -73.52288 -73.52288 -73.52288 -73.52288 -73.52288 -73.52288 -73.52288 -73.52288
 -64.51357 -64.51078 -64.50967 -64.50791 -64.50278 -64.48934 -64.43964 -64.34379
 -64.16174 -63.77663 -63.41454 -63.02158 -62.47799 -62.05606 -61.62341 -61.02493
 -60.54870 -60.04803 -59.33973 -58.76803 -58.16401 -57.31969 -56.66695 -56.02843
 -50.47921 -50.46945 -50.46529 -50.46168 -50.45783 -50.45038 -50.42414 -50.37138
 -50.25943 -49.98180 -49.67884 -49.31980 -48.79690 -48.37610 -47.93890 -47.34207
 -46.87110 -46.38061 -45.70072 -45.15329 -44.57417 -43.76687 -43.13642 -42.51039
 -37.93633 -37.93105 -37.92857 -37.92678 -37.92614 -37.92622 -37.92786 -37.93154
 -37.93923 -37.95681 -37.96941 -37.96680 -37.90236 -37.77353 -37.55363 -37.12944
 -36.73098 -36.28990 -35.66567 -35.16516 -34.63736 -33.89497 -33.30775 -32.71599
 -28.35857 -28.35314 -28.35036 -28.34835 -28.34748 -28.34702 -28.34671 -28.34643
 -28.34592 -28.34480 -28.34390 -28.34272 -28.33982 -28.33631 -28.32585 -28.27852
 -28.18708 -28.00942 -27.60818 -27.20333 -26.74415 -26.08929 -25.56528 -25.02794
 -23.15399 -23.14944 -23.14702 -23.14533 -23.14469 -23.14437 -23.14422 -23.14451
 -23.14518 -23.14650 -23.14796 -23.14913 -23.14864 -23.14746 -23.14654 -23.14563
 -23.14057 -23.11539 -23.00756 -22.83843 -22.57286 -22.08007 -21.63301 -21.15208
 -18.03514 -18.03240 -18.03083 -18.02972 -18.02931 -18.02912 -18.02897 -18.02881
 -18.02849 -18.02771 -18.02721 -18.02689 -18.02663 -18.02691 -18.02676 -18.02392
 -18.02149 -18.02089 -18.02155 -18.00947 -17.96026 -17.77492 -17.51337 -17.16556
 -14.09497 -14.09557 -14.09594 -14.09621 -14.09631 -14.09637 -14.09642 -14.09640
 -14.09643 -14.09663 -14.09622 -14.09548 -14.09528 -14.09561 -14.09559 -14.09405
 -14.09319 -14.09230 -14.08803 -14.08097 -14.06676 -14.02228 -13.95215 -13.84068
 -12.36353 -12.36564 -12.36690 -12.36766 -12.36781 -12.36783 -12.36787 -12.36788
 -12.36782 -12.36761 -12.36728 -12.36691 -12.36662 -12.36628 -12.36576 -12.36489
 -12.36394 -12.36266 -12.36008 -12.35609 -12.34796 -12.32470 -12.29199 -12.23961
 -10.96871 -10.96286 -10.96213 -10.96587 -10.97059 -10.97591 -10.98279 -10.98734
 -10.99151 -10.99733 -11.00167 -11.00552 -11.00955 -11.01276 -11.01620 -11.01990
 -11.02169 -11.02272 -11.02334 -11.02279 -11.02005 -11.00990 -10.99424 -10.96585
 -10.00837 -10.00862 -10.00867 -10.00847 -10.00826 -10.00809 -10.00797 -10.00764
 -10.00715 -10.00669 -10.00635 -10.00590 -10.00520 -10.00458 -10.00384 -10.00257
 -10.00114  -9.99929  -9.99635  -9.99332  -9.98879  -9.97855  -9.96580  -9.94556
  -9.48355  -9.48500  -9.48587  -9.48625  -9.48624  -9.48622  -9.48638  -9.48633
  -9.48615  -9.48612  -9.48601  -9.48580  -9.48554  -9.48510  -9.48441  -9.48338
  -9.48250  -9.48128  -9.47858  -9.47568  -9.47163  -9.46308  -9.45244  -9.43576
  -8.92782  -8.92776  -8.92755  -8.92711  -8.92678  -8.92655  -8.92641  -8.92613
  -8.92587  -8.92606  -8.92547  -8.92451  -8.92437  -8.92370  -8.92258  -8.92230
  -8.92177  -8.92017  -8.91683  -8.91424  -8.91119  -8.90428  -8.89577  -8.88311
  -8.47156  -8.47269  -8.47333  -8.47364  -8.47363  -8.47354  -8.47345  -8.47353
  -8.47351  -8.47290  -8.47261  -8.47243  -8.47161  -8.47132  -8.47119  -8.47005
  -8.46915  -8.46839  -8.46669  -8.46435  -8.46122  -8.45623  -8.45035  -8.44136
  -8.25937  -8.26015  -8.26054  -8.26069  -8.26066  -8.26056  -8.26044  -8.26052
  -8.26049  -8.25983  -8.25973  -8.25987  -8.25917  -8.25880  -8.25864  -8.25780
  -8.25721  -8.25646  -8.25420  -8.25241  -8.25048  -8.24608  -8.24096  -8.23377
  -8.09150  -8.09203  -8.09227  -8.09232  -8.09228  -8.09224  -8.09224  -8.09230
  -8.09228  -8.09188  -8.09156  -8.09141  -8.09143  -8.09103  -8.09040  -8.09006
  -8.08980  -8.08911  -8.08740  -8.08603  -8.08438  -8.08058  -8.07628  -8.07049
  -7.95090  -7.95121  -7.95136  -7.95146  -7.95146  -7.95136  -7.95105  -7.95093
  -7.95096  -7.95097  -7.95083  -7.95058  -7.95032  -7.95008  -7.94984  -7.94959
  -7.94913  -7.94847  -7.94766  -7.94657  -7.94491  -7.94204  -7.93892  -7.93454
  -7.87229  -7.87250  -7.87259  -7.87263  -7.87263  -7.87257  -7.87242  -7.87239
  -7.87239  -7.87227  -7.87221  -7.87216  -7.87184  -7.87163  -7.87149  -7.87116
  -7.87068  -7.87006  -7.86914  -7.86823  -7.86702  -7.86478  -7.86226  -7.85868
  -7.78106  -7.78117  -7.78120  -7.78122  -7.78122  -7.78119  -7.78110  -7.78109
  -7.78110  -7.78098  -7.78088  -7.78082  -7.78077  -7.78070  -7.78052  -7.78002
  -7.77970  -7.77937  -7.77852  -7.77778  -7.77695  -7.77527  -7.77332  -7.77062
  -7.68819  -7.68824  -7.68825  -7.68827  -7.68827  -7.68825  -7.68819  -7.68819
  -7.68819  -7.68805  -7.68799  -7.68796  -7.68783  -7.68770  -7.68758  -7.68738
  -7.68712  -7.68674  -7.68621  -7.68599  -7.68568  -7.68433  -7.68293  -7.68114
  -7.63550  -7.63553  -7.63554  -7.63553  -7.63553  -7.63553  -7.63554  -7.63556
  -7.63555  -7.63549  -7.63548  -7.63549  -7.63545  -7.63539  -7.63537  -7.63538
  -7.63519  -7.63501  -7.63524  -7.63465  -7.63358  -7.63302  -7.63208  -7.63031
  -7.58535  -7.58537  -7.58537  -7.58537  -7.58537  -7.58537  -7.58536  -7.58536
  -7.58536  -7.58538  -7.58538  -7.58538  -7.58539  -7.58542  -7.58542  -7.58540
  -7.58553  -7.58547  -7.58446  -7.58376  -7.58353  -7.58361  -7.58309  -7.58162
  -7.53345  -7.53347  -7.53347  -7.53347  -7.53347  -7.53347  -7.53347  -7.53347
  -7.53347  -7.53347  -7.53347  -7.53347  -7.53347  -7.53346  -7.53346  -7.53347
  -7.53345  -7.53346  -7.53345  -7.53282  -7.53203  -7.53205  -7.53155  -7.53036
  -7.49852  -7.49853  -7.49854  -7.49854  -7.49854  -7.49854  -7.49853  -7.49853
  -7.49853  -7.49854  -7.49854  -7.49854  -7.49854  -7.49854  -7.49854  -7.49856
  -7.49848  -7.49851  -7.49893  -7.49836  -7.49729  -7.49711  -7.49701  -7.49638
  -7.45005  -7.45006  -7.45006  -7.45006  -7.45006  -7.45006  -7.45006  -7.45006
  -7.45006  -7.45006  -7.45006  -7.45006  -7.45005  -7.45005  -7.45005  -7.45003
  -7.45009  -7.45007  -7.44961  -7.44923  -7.44886  -7.44838  -7.44928  -7.44987
  -7.38896  -7.38896  -7.38896  -7.38896  -7.38896  -7.38896  -7.38897  -7.38897
  -7.38897  -7.38896  -7.38895  -7.38896  -7.38894  -7.38895  -7.38894  -7.38887
  -7.38910  -7.38903  -7.38742  -7.38728  -7.38780  -7.38695  -7.38909  -7.39120
  -7.34868  -7.34869  -7.34869  -7.34869  -7.34869  -7.34869  -7.34869  -7.34870
  -7.34870  -7.34868  -7.34868  -7.34868  -7.34866  -7.34867  -7.34866  -7.34856
  -7.34890  -7.34879  -7.34644  -7.34646  -7.34755  -7.34646  -7.34938  -7.35247
  -7.30596  -7.30597  -7.30597  -7.30597  -7.30597  -7.30597  -7.30597  -7.30598
  -7.30598  -7.30595  -7.30595  -7.30596  -7.30593  -7.30595  -7.30593  -7.30579
  -7.30625  -7.30611  -7.30299  -7.30317  -7.30485  -7.30350  -7.30724  -7.31134
  -7.25736  -7.25737  -7.25736  -7.25736  -7.25736  -7.25736  -7.25737  -7.25738
  -7.25738  -7.25735  -7.25734  -7.25735  -7.25732  -7.25734  -7.25732  -7.25714
  -7.25773  -7.25754  -7.25357  -7.25394  -7.25627  -7.25463  -7.25927  -7.26449
 -73.19650 -73.39794 -73.39794 -73.39794 -73.39794 -73.39794 -73.39794 -73.39794
 -73.39794 -73.39794 -73.39794 -73.39794 -73.39794 -73.39794 -73.39794 -73.39794
 -73.39794 -73.39794 -73.39794 -73.39794 -73.39794 -73.39794 -73.39794 -73.39794
 -72.87877 -73.38426 -73.39794 -73.39794 -73.39794 -73.39794 -73.39794 -73.39794
 -73.39794 -73.39794 -73.39794 -73.39794 -73.39794 -73.39794 -73.39794 -73.39794
 -73.39794 -73.39794 -73.39794 -73.39794 -73.39794 -73.39794 -73.39794 -73.39794
 -72.35175 -72.68331 -72.97555 -73.25868 -73.38739 -73.39794 -73.39794 -73.39794
 -73.39794 -73.39794 -73.39794 -73.39794 -73.39794 -73.39794 -73.39794 -73.39794
 -73.39794 -73.39794 -73.39794 -73.39794 -73.39794 -73.39794 -73.39794 -73.39794
 -66.55923 -66.55499 -66.55100 -66.54890 -66.54885 -66.54914 -66.54918 -66.54907
 -66.54899 -66.54899 -66.54895 -66.54873 -66.54819 -66.54700 -66.54110 -66.51478
 -66.45859 -66.31561 -65.92917 -65.49582 -64.98646 -64.24463 -63.64149 -63.01206
 -48.45926 -48.45039 -48.44241 -48.43729 -48.43633 -48.43628 -48.43612 -48.43595
 -48.43584 -48.43583 -48.43581 -48.43580 -48.43582 -48.43589 -48.43595 -48.43630
 -48.43710 -48.43784 -48.43379 -48.40744 -48.29872 -47.93330 -47.47949 -46.92852
 -34.84496 -34.82914 -34.81543 -34.80613 -34.80391 -34.80323 -34.80225 -34.80157
 -34.80118 -34.80116 -34.80120 -34.80121 -34.80119 -34.80115 -34.80106 -34.80067
 -34.79972 -34.79730 -34.79050 -34.78258 -34.77425 -34.74480 -34.65777 -34.42817
 -28.25998 -28.24365 -28.22922 -28.21837 -28.21485 -28.21320 -28.21173 -28.21102
 -28.21066 -28.21059 -28.21061 -28.21063 -28.21062 -28.21061 -28.21060 -28.21053
 -28.21029 -28.20972 -28.20808 -28.20551 -28.20012 -28.17998 -28.13353 -28.00940
 -21.82248 -21.80826 -21.79576 -21.78560 -21.78153 -21.77924 -21.77760 -21.77708
 -21.77692 -21.77685 -21.77657 -21.77636 -21.77636 -21.77632 -21.77638 -21.77625
 -21.77537 -21.77460 -21.77374 -21.77148 -21.76699 -21.75134 -21.71839 -21.64216
 -16.47636 -16.46713 -16.45917 -16.45210 -16.44854 -16.44617 -16.44452 -16.44409
 -16.44409 -16.44426 -16.44412 -16.44399 -16.44397 -16.44380 -16.44371 -16.44329
 -16.44190 -16.44069 -16.43990 -16.43827 -16.43485 -16.42488 -16.40819 -16.37403
 -14.10990 -14.10439 -14.10006 -14.09623 -14.09399 -14.09226 -14.09090 -14.09043
 -14.09033 -14.09042 -14.09026 -14.09005 -14.08980 -14.08942 -14.08898 -14.08836
 -14.08769 -14.08666 -14.08476 -14.08298 -14.08001 -14.07220 -14.06086 -14.03943
 -12.35000 -12.34781 -12.34642 -12.34504 -12.34391 -12.34313 -12.34301 -12.34300
 -12.34253 -12.34153 -12.34148 -12.34155 -12.34112 -12.34063 -12.33994 -12.33880
 -12.33799 -12.33678 -12.33410 -12.33140 -12.32792 -12.32068 -12.31084 -12.29425
 -10.98366 -10.98390 -10.98501 -10.98630 -10.98651 -10.98644 -10.98651 -10.98655
 -10.98647 -10.98610 -10.98569 -10.98524 -10.98456 -10.98381 -10.98307 -10.98213
 -10.98096 -10.97926 -10.97617 -10.97317 -10.96914 -10.96113 -10.95177 -10.93762
 -10.28266 -10.28400 -10.28616 -10.28848 -10.28922 -10.28943 -10.28957 -10.28955
 -10.28943 -10.28905 -10.28853 -10.28805 -10.28743 -10.28651 -10.28547 -10.28417
 -10.28299 -10.28149 -10.27867 -10.27555 -10.27157 -10.26422 -10.25555 -10.24282
  -9.55892  -9.56102  -9.56405  -9.56755  -9.56898  -9.56956  -9.56972  -9.56964
  -9.56965  -9.56962  -9.56907  -9.56860  -9.56847  -9.56811  -9.56729  -9.56562
  -9.56420  -9.56279  -9.56052  -9.55773  -9.55384  -9.54672  -9.53925  -9.52888
  -8.96161  -8.96401  -8.96716  -8.97073  -8.97238  -8.97332  -8.97412  -8.97445
  -8.97464  -8.97445  -8.97363  -8.97287  -8.97250  -8.97222  -8.97154  -8.97018
  -8.96942  -8.96844  -8.96611  -8.96359  -8.96059  -8.95546  -8.94957  -8.94093
  -8.69636  -8.69852  -8.70132  -8.70457  -8.70609  -8.70691  -8.70746  -8.70769
  -8.70795  -8.70790  -8.70680  -8.70589  -8.70600  -8.70616  -8.70545  -8.70365
  -8.70343  -8.70309  -8.70081  -8.69815  -8.69547  -8.69151  -8.68641  -8.67868
  -8.48924  -8.49096  -8.49318  -8.49575  -8.49691  -8.49740  -8.49738  -8.49714
  -8.49699  -8.49704  -8.49712  -8.49719  -8.49694  -8.49619  -8.49567  -8.49554
  -8.49485  -8.49382  -8.49234  -8.49088  -8.48875  -8.48451  -8.48002  -8.47347
  -8.32190  -8.32308  -8.32441  -8.32573  -8.32626  -8.32660  -8.32703  -8.32725
  -8.32732  -8.32725  -8.32724  -8.32695  -8.32628  -8.32627  -8.32611  -8.32520
  -8.32457  -8.32395  -8.32292  -8.32186  -8.32014  -8.31668  -8.31336  -8.30800
  -8.23654  -8.23743  -8.23850  -8.23968  -8.24023  -8.24053  -8.24075  -8.24085
  -8.24096  -8.24095  -8.24055  -8.24025  -8.24017  -8.23978  -8.23953  -8.23941
  -8.23862  -8.23783  -8.23715  -8.23605  -8.23453  -8.23195  -8.22896  -8.22402
  -8.15216  -8.15275  -8.15345  -8.15421  -8.15456  -8.15475  -8.15487  -8.15493
  -8.15501  -8.15500  -8.15467  -8.15442  -8.15439  -8.15413  -8.15387  -8.15376
  -8.15355  -8.15303  -8.15201  -8.15134  -8.15025  -8.14765  -8.14501  -8.14114
  -8.09137  -8.09174  -8.09218  -8.09268  -8.09291  -8.09304  -8.09312  -8.09315
  -8.09318  -8.09317  -8.09299  -8.09274  -8.09259  -8.09273  -8.09264  -8.09202
  -8.09180  -8.09164  -8.09103  -8.09010  -8.08912  -8.08765  -8.08551  -8.08199
  -8.07357  -8.07386  -8.07420  -8.07458  -8.07476  -8.07487  -8.07496  -8.07499
  -8.07498  -8.07498  -8.07505  -8.07492  -8.07449  -8.07449  -8.07439  -8.07398
  -8.07405  -8.07382  -8.07292  -8.07268  -8.07218  -8.07037  -8.06841  -8.06545
  -8.07143  -8.07167  -8.07195  -8.07227  -8.07242  -8.07251  -8.07257  -8.07260
  -8.07261  -8.07261  -8.07256  -8.07258  -8.07259  -8.07229  -8.07208  -8.07206
  -8.07180  -8.07152  -8.07107  -8.07013  -8.06929  -8.06850  -8.06695  -8.06415
  -8.08077  -8.08097  -8.08121  -8.08150  -8.08163  -8.08170  -8.08174  -8.08176
  -8.08181  -8.08180  -8.08154  -8.08126  -8.08118  -8.08127  -8.08117  -8.08078
  -8.08073  -8.08068  -8.08016  -8.07938  -8.07866  -8.07779  -8.07642  -8.07405
  -8.09034  -8.09052  -8.09075  -8.09101  -8.09114  -8.09123  -8.09129  -8.09131
  -8.09130  -8.09132  -8.09136  -8.09120  -8.09074  -8.09068  -8.09076  -8.09074
  -8.09047  -8.09010  -8.08966  -8.08935  -8.08896  -8.08804  -8.08673  -8.08473
  -8.10741  -8.10758  -8.10780  -8.10806  -8.10819  -8.10828  -8.10834  -8.10836
  -8.10837  -8.10837  -8.10836  -8.10837  -8.10846  -8.10850  -8.10828  -8.10779
  -8.10786  -8.10784  -8.10733  -8.10704  -8.10646  -8.10507  -8.10402  -8.10242
  -8.13195  -8.13211  -8.13233  -8.13259  -8.13274  -8.13284  -8.13290  -8.13292
  -8.13293  -8.13294  -8.13294  -8.13298  -8.13280  -8.13217  -8.13190  -8.13239
  -8.13237  -8.13215  -8.13161  -8.13061  -8.13016  -8.13037  -8.12919  -8.12749
  -8.14826  -8.14842  -8.14863  -8.14890  -8.14906  -8.14916  -8.14923  -8.14926
  -8.14926  -8.14927  -8.14931  -8.14935  -8.14890  -8.14776  -8.14748  -8.14876
  -8.14863  -8.14822  -8.14766  -8.14613  -8.14581  -8.14727  -8.14596  -8.14415
  -8.16554  -8.16569  -8.16590  -8.16617  -8.16633  -8.16645  -8.16653  -8.16655
  -8.16655  -8.16657  -8.16664  -8.16669  -8.16595  -8.16426  -8.16399  -8.16609
  -8.16584  -8.16523  -8.16466  -8.16257  -8.16238  -8.16518  -8.16373  -8.16180
  -8.18516  -8.18531  -8.18552  -8.18579  -8.18596  -8.18608  -8.18617  -8.18619
  -8.18618  -8.18621  -8.18632  -8.18638  -8.18531  -8.18301  -8.18273  -8.18577
  -8.18539  -8.18455  -8.18396  -8.18122  -8.18118  -8.18552  -8.18391  -8.18185
 -73.69897 -73.69897 -73.69897 -73.69897 -73.69897 -73.69897 -73.69897 -73.69897
 -73.69897 -73.69897 -73.69897 -73.69897 -73.69897 -73.69897 -73.69897 -73.69897
 -73.69897 -73.69897 -73.69897 -73.69897 -73.69897 -73.69897 -73.69897 -73.69897
 -73.69897 -73.69897 -73.69897 -73.69897 -73.69897 -73.69897 -73.69897 -73.69897
 -73.69897 -73.69897 -73.69897 -73.69897 -73.69897 -73.69897 -73.69897 -73.69897
 -73.69897 -73.69897 -73.69897 -73.69897 -73.69897 -73.69897 -73.69897 -73.69897
 -73.69897 -73.69897 -73.69897 -73.69897 -73.69897 -73.69897 -73.69897 -73.69897
 -73.69897 -73.69897 -73.69897 -73.69897 -73.69897 -73.69897 -73.69897 -73.69897
 -73.69897 -73.69897 -73.69897 -73.69897 -73.69897 -73.69897 -73.69897 -73.69897
 -73.69897 -73.69897 -73.69897 -73.69897 -73.69897 -73.69897 -73.69897 -73.69897
 -73.69897 -73.69897 -73.69897 -73.69897 -73.69897 -73.69897 -73.69897 -73.69897
 -73.69897 -73.69897 -73.69895 -73.69890 -73.69874 -73.69488 -73.67908 -73.61519
 -64.70669 -64.70670 -64.70672 -64.70672 -64.70668 -64.70662 -64.70662 -64.70676
 -64.70643 -64.70268 -64.69513 -64.67677 -64.60447 -64.45994 -64.19832 -63.66837
 -63.18648 -62.68803 -62.03848 -61.54676 -61.03934 -60.32772 -59.75897 -59.16714
 -46.43673 -46.43672 -46.43670 -46.43670 -46.43674 -46.43680 -46.43680 -46.43665
 -46.43638 -46.43604 -46.43595 -46.43563 -46.43291 -46.42750 -46.41516 -46.36901
 -46.27503 -46.09387 -45.68634 -45.27999 -44.82445 -44.18013 -43.66744 -43.13303
 -36.89977 -36.89976 -36.89975 -36.89975 -36.89977 -36.89981 -36.89981 -36.89974
 -36.89962 -36.89958 -36.89980 -36.90034 -36.90180 -36.90447 -36.90867 -36.91229
 -36.90197 -36.86570 -36.74678 -36.56847 -36.29093 -35.77310 -35.31023 -34.82019
 -27.32020 -27.32019 -27.32018 -27.32018 -27.32022 -27.32027 -27.32029 -27.32018
 -27.31998 -27.31983 -27.32001 -27.32024 -27.31963 -27.31862 -27.31735 -27.31519
 -27.31402 -27.31357 -27.31002 -27.29138 -27.23861 -27.07097 -26.83441 -26.49611
 -19.65450 -19.65449 -19.65446 -19.65447 -19.65453 -19.65464 -19.65466 -19.65446
 -19.65409 -19.65362 -19.65358 -19.65404 -19.65542 -19.65624 -19.65639 -19.65628
 -19.65554 -19.65423 -19.65244 -19.64844 -19.63904 -19.61159 -19.56500 -19.46792
 -16.47485 -16.47483 -16.47479 -16.47480 -16.47489 -16.47503 -16.47506 -16.47481
 -16.47431 -16.47364 -16.47347 -16.47378 -16.47476 -16.47585 -16.47691 -16.47746
 -16.47648 -16.47423 -16.47023 -16.46644 -16.46055 -16.44365 -16.41732 -16.36530
 -14.07546 -14.07547 -14.07548 -14.07548 -14.07547 -14.07545 -14.07548 -14.07560
 -14.07575 -14.07571 -14.07532 -14.07501 -14.07610 -14.07722 -14.07756 -14.07656
 -14.07537 -14.07395 -14.07020 -14.06584 -14.06011 -14.04860 -14.03188 -14.00102
 -12.19152 -12.19153 -12.19154 -12.19154 -12.19152 -12.19145 -12.19127 -12.19102
 -12.19068 -12.19025 -12.19007 -12.19011 -12.19051 -12.19086 -12.19093 -12.19032
 -12.18922 -12.18750 -12.18394 -12.18006 -12.17493 -12.16531 -12.15349 -12.13417
 -11.23877 -11.23875 -11.23872 -11.23872 -11.23880 -11.23893 -11.23892 -11.23859
 -11.23798 -11.23712 -11.23677 -11.23682 -11.23726 -11.23763 -11.23771 -11.23695
 -11.23554 -11.23343 -11.22990 -11.22670 -11.22262 -11.21413 -11.20418 -11.18924
 -10.27177 -10.27178 -10.27180 -10.27180 -10.27176 -10.27167 -10.27149 -10.27133
 -10.27115 -10.27086 -10.27059 -10.27037 -10.27034 -10.27029 -10.27000 -10.26925
 -10.26812 -10.26646 -10.26381 -10.26099 -10.25712 -10.25034 -10.24274 -10.23133
  -9.47925  -9.47925  -9.47924  -9.47924  -9.47926  -9.47929  -9.47934  -9.47936
  -9.47935  -9.47933  -9.47933  -9.47923  -9.47872  -9.47861  -9.47880  -9.47807
  -9.47714  -9.47609  -9.47354  -9.47113  -9.46843  -9.46304  -9.45744  -9.44959
  -9.13307  -9.13307  -9.13306  -9.13306  -9.13310  -9.13315  -9.13314  -9.13300
  -9.13275  -9.13242  -9.13234  -9.13236  -9.13208  -9.13174  -9.13139  -9.13072
  -9.12984  -9.12869  -9.12717  -9.12540  -9.12272  -9.11821  -9.11344  -9.10653
  -8.86874  -8.86873  -8.86871  -8.86871  -8.86876  -8.86884  -8.86885  -8.86867
  -8.86834  -8.86804  -8.86818  -8.86826  -8.86679  -8.86599  -8.86630  -8.86647
  -8.86560  -8.86424  -8.86336  -8.86233  -8.86020  -8.85627  -8.85155  -8.84487
  -8.65954  -8.65954  -8.65954  -8.65954  -8.65954  -8.65954  -8.65954  -8.65955
  -8.65957  -8.65959  -8.65959  -8.65961  -8.65967  -8.65972  -8.65966  -8.65894
  -8.65768  -8.65637  -8.65638  -8.65536  -8.65248  -8.64916  -8.64612  -8.64113
  -8.55658  -8.55659  -8.55660  -8.55660  -8.55657  -8.55652  -8.55653  -8.55669
  -8.55691  -8.55691  -8.55638  -8.55562  -8.55553  -8.55582  -8.55580  -8.55482
  -8.55413  -8.55389  -8.55327  -8.55181  -8.54956  -8.54672  -8.54415  -8.54006
  -8.45372  -8.45373  -8.45373  -8.45373  -8.45372  -8.45371  -8.45371  -8.45375
  -8.45381  -8.45383  -8.45370  -8.45355  -8.45360  -8.45324  -8.45252  -8.45248
  -8.45234  -8.45158  -8.45064  -8.44983  -8.44870  -8.44669  -8.44407  -8.43984
  -8.38039  -8.38039  -8.38039  -8.38039  -8.38039  -8.38039  -8.38040  -8.38039
  -8.38038  -8.38037  -8.38035  -8.38032  -8.38024  -8.38039  -8.38057  -8.37984
  -8.37908  -8.37852  -8.37748  -8.37648  -8.37538  -8.37359  -8.37159  -8.36854
  -8.35737  -8.35737  -8.35737  -8.35737  -8.35737  -8.35738  -8.35738  -8.35737
  -8.35737  -8.35737  -8.35739  -8.35740  -8.35736  -8.35740  -8.35742  -8.35687
  -8.35613  -8.35559  -8.35591  -8.35520  -8.35323  -8.35171  -8.35020  -8.34711
  -8.34710  -8.34710  -8.34710  -8.34710  -8.34711  -8.34711  -8.34711  -8.34710
  -8.34709  -8.34708  -8.34709  -8.34710  -8.34706  -8.34716  -8.34725  -8.34651
  -8.34606  -8.34607  -8.34566  -8.34506  -8.34429  -8.34251  -8.34077  -8.33829
  -8.34534  -8.34534  -8.34535  -8.34535  -8.34535  -8.34534  -8.34534  -8.34535
  -8.34537  -8.34537  -8.34533  -8.34532  -8.34544  -8.34516  -8.34452  -8.34431
  -8.34446  -8.34445  -8.34382  -8.34330  -8.34273  -8.34080  -8.33910  -8.33738
  -8.34831  -8.34831  -8.34831  -8.34831  -8.34831  -8.34830  -8.34830  -8.34831
  -8.34833  -8.34833  -8.34829  -8.34829  -8.34844  -8.34811  -8.34737  -8.34716
  -8.34737  -8.34740  -8.34676  -8.34615  -8.34555  -8.34408  -8.34273  -8.34100
  -8.35469  -8.35469  -8.35469  -8.35469  -8.35469  -8.35469  -8.35469  -8.35469
  -8.35470  -8.35470  -8.35469  -8.35469  -8.35472  -8.35466  -8.35456  -8.35465
  -8.35439  -8.35381  -8.35366  -8.35342  -8.35276  -8.35218  -8.35122  -8.34922
  -8.36881  -8.36881  -8.36881  -8.36881  -8.36881  -8.36881  -8.36881  -8.36881
  -8.36881  -8.36881  -8.36881  -8.36881  -8.36882  -8.36879  -8.36877  -8.36889
  -8.36858  -8.36791  -8.36773  -8.36774  -8.36724  -8.36559  -8.36447  -8.36340
  -8.37900  -8.37900  -8.37900  -8.37900  -8.37900  -8.37900  -8.37900  -8.37900
  -8.37900  -8.37900  -8.37900  -8.37900  -8.37901  -8.37899  -8.37899  -8.37914
  -8.37883  -8.37810  -8.37781  -8.37812  -8.37831  -8.37719  -8.37583  -8.37449
  -8.38974  -8.38974  -8.38974  -8.38974  -8.38974  -8.38974  -8.38974  -8.38974
  -8.38974  -8.38974  -8.38974  -8.38974  -8.38974  -8.38974  -8.38978  -8.38997
  -8.38963  -8.38883  -8.38844  -8.38910  -8.39005  -8.38963  -8.38806  -8.38636
  -8.40184  -8.40184  -8.40184  -8.40184  -8.40184  -8.40184  -8.40184  -8.40184
  -8.40184  -8.40184  -8.40184  -8.40184  -8.40184  -8.40185  -8.40195  -8.40217
  -8.40181  -8.40094  -8.40043  -8.40147  -8.40328  -8.40366  -8.40189  -8.39983
 -73.69897 -73.69897 -73.69897 -73.69897 -73.69897 -73.69897 -73.69897 -73.69897
 -73.69897 -73.69897 -73.69897 -73.69897 -73.69897 -73.69897 -73.69897 -73.69897
 -73.69897 -73.69897 -73.69897 -73.69897 -73.69897 -73.69897 -73.69897 -73.69897
 -73.69897 -73.69897 -73.69897 -73.69897 -73.69897 -73.69897 -73.69897 -73.69897
 -73.69897 -73.69897 -73.69897 -73.69897 -73.69897 -73.69897 -73.69897 -73.69897
 -73.69897 -73.69897 -73.69897 -73.69897 -73.69897 -73.69897 -73.69897 -73.69897
 -73.69897 -73.69897 -73.69897 -73.69897 -73.69897 -73.69897 -73.69897 -73.69897
 -73.69897 -73.69897 -73.69897 -73.69897 -73.69897 -73.69897 -73.69897 -73.69897
 -73.69897 -73.69897 -73.69897 -73.69897 -73.69897 -73.69897 -73.69897 -73.69897
 -73.69897 -73.69897 -73.69897 -73.69897 -73.69897 -73.69897 -73.69897 -73.69897
 -73.69897 -73.69897 -73.69897 -73.69897 -73.69897 -73.69897 -73.69897 -73.69897
 -73.69897 -73.69897 -73.69897 -73.69897 -73.69897 -73.69897 -73.69897 -73.69897
 -73.69897 -73.69897 -73.69897 -73.69897 -73.69897 -73.69897 -73.69897 -73.69896
 -73.69896 -73.69894 -73.69891 -73.69886 -73.69875 -73.69863 -73.69852 -73.69842
 -73.69840 -73.69841 -73.69829 -73.69800 -73.69745 -73.69651 -73.69454 -73.68592
 -52.10153 -52.10055 -52.09965 -52.09842 -52.09744 -52.09645 -52.09520 -52.09431
 -52.09344 -52.09233 -52.09151 -52.09072 -52.08974 -52.08903 -52.08832 -52.08754
 -52.08702 -52.08651 -52.08591 -52.08552 -52.08512 -52.08434 -52.08306 -52.07971
 -34.37488 -34.37813 -34.38111 -34.38516 -34.38840 -34.39165 -34.39578 -34.39874
 -34.40161 -34.40532 -34.40808 -34.41080 -34.41437 -34.41704 -34.41963 -34.42275
 -34.42479 -34.42655 -34.42846 -34.42965 -34.43065 -34.43174 -34.43242 -34.43299
 -21.32545 -21.31945 -21.31396 -21.30648 -21.30052 -21.29453 -21.28694 -21.28151
 -21.27630 -21.26968 -21.26495 -21.26058 -21.25567 -21.25282 -21.25069 -21.24840
 -21.24660 -21.24465 -21.24201 -21.24014 -21.23846 -21.23654 -21.23533 -21.23434
 -23.28212 -23.28143 -23.28060 -23.27898 -23.27721 -23.27492 -23.27105 -23.26719
 -23.26210 -23.25282 -23.24349 -23.23195 -23.21300 -23.19607 -23.17716 -23.14870
 -23.12475 -23.09842 -23.05787 -23.02088 -22.97629 -22.90118 -22.82656 -22.73071
 -19.28886 -19.28862 -19.28834 -19.28801 -19.28771 -19.28723 -19.28607 -19.28449
 -19.28197 -19.27657 -19.27047 -19.26219 -19.24703 -19.23176 -19.21339 -19.18641
 -19.16447 -19.14054 -19.10458 -19.07212 -19.03312 -18.96896 -18.90741 -18.83065
 -16.26316 -16.26219 -16.26134 -16.26101 -16.26122 -16.26133 -16.26060 -16.25908
 -16.25661 -16.25156 -16.24585 -16.23780 -16.22211 -16.20546 -16.18514 -16.15671
 -16.13570 -16.11467 -16.08582 -16.06180 -16.03430 -15.98925 -15.94575 -15.89140
 -13.82797 -13.82872 -13.82943 -13.83054 -13.83132 -13.83166 -13.83089 -13.82923
 -13.82662 -13.82155 -13.81601 -13.80830 -13.79336 -13.77790 -13.75953 -13.73388
 -13.71602 -13.70006 -13.67963 -13.66322 -13.64484 -13.61461 -13.58530 -13.54857
 -12.63155 -12.63084 -12.63016 -12.62910 -12.62823 -12.62743 -12.62669 -12.62623
 -12.62556 -12.62367 -12.62070 -12.61540 -12.60274 -12.58796 -12.56934 -12.54302
 -12.52538 -12.51054 -12.49298 -12.47936 -12.46407 -12.43924 -12.41550 -12.38575
 -11.49693 -11.49704 -11.49703 -11.49673 -11.49632 -11.49589 -11.49542 -11.49491
 -11.49386 -11.49071 -11.48602 -11.47808 -11.45986 -11.43890 -11.41266 -11.37664
 -11.35401 -11.33670 -11.31856 -11.30609 -11.29313 -11.27276 -11.25375 -11.23015
 -10.45638 -10.45640 -10.45644 -10.45657 -10.45666 -10.45661 -10.45614 -10.45545
 -10.45448 -10.45250 -10.44964 -10.44429 -10.43067 -10.41426 -10.39297 -10.36164
 -10.34077 -10.32487 -10.31000 -10.30082 -10.29141 -10.27722 -10.26412 -10.24759
  -9.89838  -9.89835  -9.89832  -9.89826  -9.89821  -9.89817  -9.89814  -9.89801
  -9.89764  -9.89641  -9.89462  -9.89171  -9.88494  -9.87614  -9.86371  -9.84481
  -9.83178  -9.82166  -9.81139  -9.80475  -9.79841  -9.78910  -9.78008  -9.76811
  -9.69738  -9.69738  -9.69739  -9.69739  -9.69739  -9.69736  -9.69723  -9.69698
  -9.69647  -9.69502  -9.69289  -9.68914  -9.67976  -9.66740  -9.64988  -9.62235
  -9.60291  -9.58788  -9.57452  -9.56667  -9.55873  -9.54867  -9.53986  -9.52779
  -9.48042  -9.48043  -9.48042  -9.48037  -9.48032  -9.48032  -9.48041  -9.48040
  -9.48004  -9.47855  -9.47641  -9.47313  -9.46571  -9.45521  -9.43932  -9.41473
  -9.39697  -9.38238  -9.36935  -9.36227  -9.35536  -9.34556  -9.33677  -9.32551
  -9.30362  -9.30362  -9.30362  -9.30359  -9.30357  -9.30356  -9.30358  -9.30354
  -9.30334  -9.30254  -9.30125  -9.29901  -9.29355  -9.28660  -9.27656  -9.25959
  -9.24666  -9.23604  -9.22688  -9.22160  -9.21569  -9.20745  -9.19991  -9.18970
  -9.09769  -9.09769  -9.09769  -9.09768  -9.09767  -9.09767  -9.09770  -9.09770
  -9.09761  -9.09720  -9.09654  -9.09538  -9.09259  -9.08897  -9.08378  -9.07527
  -9.06867  -9.06295  -9.05715  -9.05338  -9.04942  -9.04368  -9.03789  -9.02968
  -8.98361  -8.98364  -8.98367  -8.98375  -8.98381  -8.98384  -8.98375  -8.98361
  -8.98346  -8.98331  -8.98311  -8.98261  -8.98106  -8.97915  -8.97651  -8.97148
  -8.96756  -8.96445  -8.96072  -8.95796  -8.95522  -8.95051  -8.94558  -8.93892
  -8.84211  -8.84183  -8.84163  -8.84133  -8.84105  -8.84074  -8.84027  -8.83989
  -8.83949  -8.83892  -8.83846  -8.83794  -8.83706  -8.83593  -8.83428  -8.83192
  -8.82998  -8.82785  -8.82534  -8.82358  -8.82154  -8.81771  -8.81370  -8.80857
  -9.01790  -9.01846  -9.01889  -9.01956  -9.02016  -9.02077  -9.02146  -9.02189
  -9.02229  -9.02280  -9.02313  -9.02329  -9.02301  -9.02219  -9.02071  -9.01797
  -9.01559  -9.01322  -9.01065  -9.00901  -9.00709  -9.00294  -8.99843  -8.99247
  -9.03799  -9.03875  -9.03933  -9.04019  -9.04098  -9.04183  -9.04292  -9.04370
  -9.04443  -9.04530  -9.04585  -9.04626  -9.04644  -9.04605  -9.04507  -9.04335
  -9.04190  -9.04040  -9.03856  -9.03737  -9.03592  -9.03137  -9.02648  -9.02099
  -6.69305  -6.68702  -6.68239  -6.67550  -6.66920  -6.66250  -6.65386  -6.64763
  -6.64151  -6.63340  -6.62722  -6.62105  -6.61303  -6.60714  -6.60146  -6.59425
  -6.58888  -6.58345  -6.57615  -6.57070  -6.56541  -6.55847  -6.55313  -6.54775
  -8.32885  -8.34051  -8.34946  -8.36276  -8.37490  -8.38777  -8.40436  -8.41630
  -8.42800  -8.44353  -8.45538  -8.46726  -8.48285  -8.49454  -8.50612  -8.52116
  -8.53228  -8.54313  -8.55688  -8.56713  -8.57684  -8.58574  -8.59217  -8.60042
  -9.62617  -9.62616  -9.62617  -9.62618  -9.62619  -9.62618  -9.62610  -9.62604
  -9.62603  -9.62615  -9.62611  -9.62562  -9.62367  -9.62134  -9.61823  -9.61172
  -9.60639  -9.60216  -9.59650  -9.59170  -9.58629  -9.57641  -9.56608  -9.55230
  -9.64858  -9.64858  -9.64858  -9.64858  -9.64858  -9.64858  -9.64857  -9.64856
  -9.64852  -9.64841  -9.64824  -9.64795  -9.64717  -9.64577  -9.64306  -9.63695
  -9.63187  -9.62763  -9.62197  -9.61741  -9.61252  -9.60352  -9.59378  -9.58054
  -9.67508  -9.67507  -9.67508  -9.67512  -9.67515  -9.67513  -9.67495  -9.67482
  -9.67487  -9.67541  -9.67571  -9.67515  -9.67219  -9.67010  -9.66906  -9.66424
  -9.65887  -9.65462  -9.65044  -9.64675  -9.64147  -9.63276  -9.62439  -9.61310
  -9.70649  -9.70647  -9.70648  -9.70659  -9.70666  -9.70661  -9.70621  -9.70592
  -9.70608  -9.70749  -9.70841  -9.70747  -9.70147  -9.69830  -9.69934  -9.69605
  -9.69022  -9.68594  -9.68361  -9.68095  -9.67499  -9.66640  -9.65963  -9.65066
 -74.00000 -74.00000 -74.00000 -74.00000 -74.00000 -74.00000 -74.00000 -74.00000
 -74.00000 -74.00000 -74.00000 -74.00000 -74.00000 -74.00000 -74.00000 -74.00000
 -74.00000 -74.00000 -74.00000 -74.00000 -74.00000 -74.00000 -74.00000 -74.00000
 -74.00000 -74.00000 -74.00000 -74.00000 -74.00000 -74.00000 -74.00000 -74.00000
 -74.00000 -74.00000 -74.00000 -74.00000 -74.00000 -74.00000 -74.00000 -74.00000
 -74.00000 -74.00000 -74.00000 -74.00000 -74.00000 -74.00000 -74.00000 -74.00000
 -74.00000 -74.00000 -74.00000 -74.00000 -74.00000 -74.00000 -74.00000 -74.00000
 -74.00000 -74.00000 -74.00000 -74.00000 -74.00000 -74.00000 -74.00000 -74.00000
 -74.00000 -74.00000 -74.00000 -74.00000 -74.00000 -74.00000 -74.00000 -74.00000
 -74.00000 -74.00000 -74.00000 -74.00000 -74.00000 -74.00000 -74.00000 -74.00000
 -74.00000 -74.00000 -74.00000 -74.00000 -74.00000 -74.00000 -74.00000 -74.00000
 -74.00000 -74.00000 -74.00000 -74.00000 -74.00000 -74.00000 -74.00000 -74.00000
 -74.00000 -74.00000 -74.00000 -74.00000 -74.00000 -74.00000 -74.00000 -74.00000
 -74.00000 -74.00000 -74.00000 -74.00000 -74.00000 -74.00000 -74.00000 -74.00000
 -74.00000 -74.00000 -74.00000 -74.00000 -74.00000 -74.00000 -74.00000 -74.00000
 -65.67113 -65.67099 -65.67075 -65.67028 -65.66964 -65.66805 -65.66169 -65.65015
 -65.62854 -65.57434 -65.50155 -65.38939 -65.17879 -64.98895 -64.79852 -64.59259
 -64.48798 -64.42380 -64.37149 -64.35278 -64.34907 -64.34309 -64.34365 -64.35991
 -51.91064 -51.91055 -51.91040 -51.91012 -51.90980 -51.90907 -51.90612 -51.90066
 -51.89009 -51.86189 -51.82091 -51.75168 -51.60387 -51.45358 -51.28945 -51.09743
 -50.99340 -50.92743 -50.87718 -50.85885 -50.85153 -50.84347 -50.83918 -50.83754
 -38.57338 -38.57333 -38.57322 -38.57299 -38.57269 -38.57202 -38.56968 -38.56552
 -38.55722 -38.53348 -38.49750 -38.43585 -38.30264 -38.16455 -38.01035 -37.82358
 -37.71801 -37.64852 -37.59697 -37.57515 -37.55855 -37.53524 -37.50780 -37.45956
 -27.65559 -27.65532 -27.65474 -27.65380 -27.65319 -27.65241 -27.64939 -27.64379
 -27.63314 -27.60582 -27.56887 -27.51100 -27.39481 -27.27857 -27.15010 -26.99381
 -26.90358 -26.83989 -26.78094 -26.74398 -26.70519 -26.63935 -26.56668 -26.46306
 -22.42710 -22.42679 -22.42611 -22.42496 -22.42413 -22.42324 -22.42101 -22.41740
 -22.41050 -22.39157 -22.36431 -22.31969 -22.22670 -22.13154 -22.02580 -21.89813
 -21.82598 -21.77616 -21.73029 -21.70119 -21.67106 -21.62346 -21.57408 -21.50602
 -18.36680 -18.36688 -18.36705 -18.36724 -18.36719 -18.36679 -18.36526 -18.36278
 -18.35824 -18.34627 -18.32896 -18.29951 -18.23377 -18.16236 -18.08084 -17.98467
 -17.93181 -17.89500 -17.86228 -17.84304 -17.82399 -17.79423 -17.76418 -17.72400
 -15.31125 -15.31122 -15.31114 -15.31099 -15.31081 -15.31049 -15.30956 -15.30806
 -15.30524 -15.29751 -15.28604 -15.26619 -15.22105 -15.17095 -15.11270 -15.04297
 -15.00391 -14.97611 -14.95101 -14.93590 -14.92055 -14.89630 -14.87299 -14.84341
 -13.80683 -13.80681 -13.80676 -13.80670 -13.80666 -13.80657 -13.80611 -13.80516
 -13.80319 -13.79752 -13.78889 -13.77377 -13.73894 -13.69997 -13.65438 -13.59862
 -13.56698 -13.54448 -13.52273 -13.50863 -13.49429 -13.47250 -13.45199 -13.42606
 -12.24681 -12.24679 -12.24676 -12.24672 -12.24673 -12.24672 -12.24644 -12.24576
 -12.24435 -12.24047 -12.23477 -12.22484 -12.20156 -12.17474 -12.14243 -12.10176
 -12.07819 -12.06116 -12.04405 -12.03282 -12.02161 -12.00457 -11.98855 -11.96865
 -10.93241 -10.93241 -10.93241 -10.93239 -10.93236 -10.93229 -10.93212 -10.93189
 -10.93137 -10.92942 -10.92605 -10.91992 -10.90576 -10.88942 -10.86894 -10.84123
 -10.82442 -10.81205 -10.80010 -10.79263 -10.78518 -10.77384 -10.76322 -10.74997
 -10.36154 -10.36155 -10.36155 -10.36154 -10.36150 -10.36143 -10.36132 -10.36121
 -10.36098 -10.35986 -10.35772 -10.35362 -10.34368 -10.33174 -10.31630 -10.29473
 -10.28119 -10.27107 -10.26152 -10.25542 -10.24909 -10.24026 -10.23221 -10.22192
  -9.92651  -9.92651  -9.92651  -9.92650  -9.92649  -9.92645  -9.92638  -9.92628
  -9.92605  -9.92519  -9.92367  -9.92084  -9.91410  -9.90608  -9.89547  -9.87884
  -9.86773  -9.85991  -9.85260  -9.84765  -9.84236  -9.83529  -9.82916  -9.82122
  -9.57832  -9.57832  -9.57833  -9.57832  -9.57830  -9.57826  -9.57821  -9.57820
  -9.57813  -9.57758  -9.57639  -9.57426  -9.56991  -9.56525  -9.55861  -9.54626
  -9.53815  -9.53291  -9.52655  -9.52266  -9.51980  -9.51382  -9.50798  -9.50163
  -9.40159  -9.40159  -9.40157  -9.40157  -9.40159  -9.40164  -9.40161  -9.40144
  -9.40108  -9.40031  -9.39946  -9.39819  -9.39522  -9.39146  -9.38604  -9.37714
  -9.37107  -9.36653  -9.36129  -9.35801  -9.35528  -9.35045  -9.34599  -9.34084
  -9.22212  -9.22212  -9.22212  -9.22212  -9.22211  -9.22209  -9.22207  -9.22207
  -9.22206  -9.22191  -9.22155  -9.22083  -9.21906  -9.21682  -9.21346  -9.20745
  -9.20320  -9.20004  -9.19668  -9.19434  -9.19189  -9.18803  -9.18435  -9.17974
  -9.08135  -9.08135  -9.08135  -9.08135  -9.08135  -9.08136  -9.08135  -9.08132
  -9.08126  -9.08116  -9.08106  -9.08084  -9.07993  -9.07843  -9.07627  -9.07335
  -9.07115  -9.06896  -9.06619  -9.06452  -9.06319  -9.06064  -9.05785  -9.05421
  -9.02455  -9.02455  -9.02455  -9.02455  -9.02454  -9.02454  -9.02454  -9.02453
  -9.02452  -9.02448  -9.02440  -9.02421  -9.02359  -9.02267  -9.02131  -9.01921
  -9.01769  -9.01640  -9.01496  -9.01355  -9.01160  -9.00866  -9.00622  -9.00331
  -8.98797  -8.98797  -8.98797  -8.98797  -8.98797  -8.98796  -8.98796  -8.98796
  -8.98796  -8.98793  -8.98788  -8.98776  -8.98742  -8.98694  -8.98627  -8.98540
  -8.98395  -8.98200  -8.98196  -8.98174  -8.97951  -8.97620  -8.97397  -8.97148
  -8.96944  -8.96944  -8.96944  -8.96944  -8.96944  -8.96945  -8.96945  -8.96944
  -8.96942  -8.96940  -8.96941  -8.96942  -8.96932  -8.96907  -8.96880  -8.96882
  -8.96782  -8.96543  -8.96299  -8.96296  -8.96379  -8.96171  -8.95873  -8.95622
  -8.96652  -8.96652  -8.96652  -8.96652  -8.96652  -8.96652  -8.96651  -8.96651
  -8.96651  -8.96650  -8.96649  -8.96645  -8.96637  -8.96628  -8.96612  -8.96574
  -8.96571  -8.96547  -8.96238  -8.96079  -8.96128  -8.95930  -8.95616  -8.95358
  -8.97098  -8.97098  -8.97098  -8.97098  -8.97098  -8.97098  -8.97098  -8.97098
  -8.97098  -8.97097  -8.97097  -8.97096  -8.97091  -8.97085  -8.97075  -8.97065
  -8.97044  -8.97027  -8.97084  -8.96971  -8.96682  -8.96611  -8.96598  -8.96348
  -8.99097  -8.99097  -8.99097  -8.99097  -8.99097  -8.99098  -8.99098  -8.99097
  -8.99095  -8.99095  -8.99098  -8.99103  -8.99104  -8.99093  -8.99073  -8.99050
  -8.99032  -8.99016  -8.99015  -8.98913  -8.98721  -8.98702  -8.98613  -8.98303
  -9.00913  -9.00913  -9.00913  -9.00913  -9.00913  -9.00913  -9.00913  -9.00913
  -9.00913  -9.00913  -9.00913  -9.00912  -9.00905  -9.00891  -9.00867  -9.00826
  -9.00794  -9.00763  -9.00698  -9.00639  -9.00594  -9.00572  -9.00466  -9.00226
  -9.03018  -9.03018  -9.03019  -9.03019  -9.03018  -9.03017  -9.03016  -9.03019
  -9.03024  -9.03025  -9.03014  -9.02992  -9.02966  -9.02962  -9.02968  -9.02952
  -9.02926  -9.02897  -9.02835  -9.02776  -9.02713  -9.02599  -9.02507  -9.02405
  -9.05555  -9.05555  -9.05555  -9.05555  -9.05555  -9.05554  -9.05554  -9.05555
  -9.05557  -9.05557  -9.05553  -9.05543  -9.05525  -9.05510  -9.05500  -9.05517
  -9.05519  -9.05485  -9.05411  -9.05352  -9.05298  -9.05218  -9.05122  -9.04983
 -73.69897 -73.69897 -73.69897 -73.69897 -73.69897 -73.69897 -73.69897 -73.69897
 -73.69897 -73.69897 -73.69897 -73.69897 -73.69897 -73.69897 -73.69897 -73.69897
 -73.69897 -73.69897 -73.69897 -73.69897 -73.69897 -73.69897 -73.69897 -73.69897
 -73.69897 -73.69897 -73.69897 -73.69897 -73.69897 -73.69897 -73.69897 -73.69897
 -73.69897 -73.69897 -73.69897 -73.69897 -73.69897 -73.69897 -73.69897 -73.69897
 -73.69897 -73.69897 -73.69897 -73.69897 -73.69897 -73.69897 -73.69897 -73.69897
 -73.69897 -73.69897 -73.69897 -73.69897 -73.69897 -73.69897 -73.69897 -73.69897
 -73.69897 -73.69897 -73.69897 -73.69897 -73.69897 -73.69897 -73.69897 -73.69897
 -73.69897 -73.69897 -73.69897 -73.69897 -73.69897 -73.69897 -73.69897 -73.69897
 -73.69897 -73.69897 -73.69897 -73.69897 -73.69897 -73.54309 -71.60243 -70.73922
 -72.14225 -73.69897 -73.69897 -73.69897 -73.69897 -73.69897 -73.69897 -73.69897
 -73.69897 -73.69897 -73.69897 -73.69897 -73.69897 -73.69897 -73.69897 -73.69897
 -69.28004 -68.77388 -68.32356 -68.05340 -67.78507 -67.09171 -65.42397 -64.71086
 -65.68200 -70.48930 -73.69897 -73.69897 -73.69897 -73.69897 -73.69897 -73.69897
 -73.69897 -73.69897 -73.69897 -73.69897 -73.69897 -73.69897 -73.69897 -73.69897
 -61.56220 -61.11414 -60.68220 -60.34137 -60.06805 -59.54571 -58.39833 -57.85757
 -58.33110 -61.08357 -63.79681 -65.91617 -66.62523 -66.11976 -65.48389 -65.23526
 -65.14482 -64.97878 -64.77550 -64.61945 -64.44628 -64.19427 -63.98522 -63.75583
 -56.08620 -55.67937 -55.26048 -54.86951 -54.59264 -54.19164 -53.41348 -52.99499
 -53.11547 -54.40989 -55.73317 -56.75262 -57.01047 -56.66573 -56.25867 -56.04015
 -55.92974 -55.78072 -55.59204 -55.44623 -55.28827 -55.06042 -54.87224 -54.66648
 -44.15244 -44.15140 -44.14997 -44.14652 -44.13897 -44.12333 -44.08341 -44.03045
 -43.94896 -43.77916 -43.58983 -43.35525 -43.09626 -42.96151 -42.84251 -42.66903
 -42.53914 -42.41490 -42.24856 -42.11895 -41.98383 -41.79171 -41.63322 -41.46080
 -28.79024 -28.37357 -27.95133 -27.57483 -27.29719 -26.85566 -25.95695 -25.49314
 -25.71215 -27.43836 -29.15672 -30.14817 -30.15319 -29.97464 -29.72809 -29.54949
 -29.45263 -29.33449 -29.18599 -29.07602 -28.96252 -28.80496 -28.67787 -28.54137
 -24.81824 -24.81784 -24.81742 -24.81696 -24.81629 -24.81494 -24.81047 -24.80132
 -24.78343 -24.74150 -24.69452 -24.59316 -21.28858 -22.55904 -24.10517 -24.04853
 -23.84697 -23.78606 -23.66312 -23.55633 -23.45712 -23.31742 -23.20370 -23.08304
 -20.23451 -20.23437 -20.23421 -20.23403 -20.23381 -20.23340 -20.23204 -20.22912
 -20.22328 -20.20887 -20.19055 -20.12772 -19.01750 -19.44051 -19.85182 -19.77501
 -19.65361 -19.58495 -19.47819 -19.38932 -19.30156 -19.17993 -19.08115 -18.97526
 -16.50530 -16.35489 -16.10390 -15.79556 -15.54594 -15.15568 -14.36063 -13.92307
 -14.03743 -15.33639 -16.36415 -16.58106 -16.57307 -16.53285 -16.46128 -16.38763
 -16.33796 -16.27517 -16.19133 -16.12505 -16.05399 -15.95446 -15.87331 -15.78453
 -14.85460 -14.85465 -14.85477 -14.85498 -14.85506 -14.85490 -14.85414 -14.85309
 -14.85159 -14.84854 -14.84351 -14.82385 -14.76650 -14.74807 -14.73657 -14.69001
 -14.64365 -14.59866 -14.53267 -14.47768 -14.41897 -14.33422 -14.26391 -14.18584
 -13.06397 -13.06395 -13.06394 -13.06394 -13.06388 -13.06363 -13.06270 -13.06125
 -13.05906 -13.05557 -13.05207 -13.04659 -13.03327 -13.01694 -12.99515 -12.96167
 -12.93322 -12.90125 -12.85384 -12.81334 -12.76858 -12.70273 -12.64577 -12.58059
 -11.58679 -11.58678 -11.58679 -11.58685 -11.58685 -11.58677 -11.58642 -11.58598
 -11.58537 -11.58404 -11.58200 -11.57841 -11.57047 -11.56175 -11.55054 -11.53174
 -11.51457 -11.49498 -11.46512 -11.43860 -11.40848 -11.36293 -11.32149 -11.27218
 -10.93772 -10.93772 -10.93772 -10.93772 -10.93771 -10.93768 -10.93759 -10.93743
 -10.93711 -10.93625 -10.93487 -10.93244 -10.92698 -10.92098 -10.91342 -10.90096
 -10.88857 -10.87357 -10.85059 -10.83073 -10.80802 -10.77196 -10.73919 -10.69935
 -10.44379 -10.44378 -10.44380 -10.44385 -10.44386 -10.44379 -10.44351 -10.44323
 -10.44297 -10.44262 -10.44196 -10.44053 -10.43687 -10.43264 -10.42718 -10.41801
 -10.40899 -10.39806 -10.38092 -10.36586 -10.34826 -10.31952 -10.29300 -10.26023
 -10.04970 -10.04971 -10.04970 -10.04967 -10.04965 -10.04969 -10.04979 -10.04972
 -10.04931 -10.04804 -10.04668 -10.04513 -10.04278 -10.04019 -10.03632 -10.02917
 -10.02347 -10.01690 -10.00448  -9.99292  -9.97957  -9.95794  -9.93717  -9.91044
  -9.84516  -9.84517  -9.84514  -9.84502  -9.84499  -9.84510  -9.84551  -9.84567
  -9.84533  -9.84378  -9.84212  -9.84044  -9.83848  -9.83669  -9.83406  -9.82898
  -9.82464  -9.81926  -9.80884  -9.79942  -9.78866  -9.77057  -9.75266  -9.72948
  -9.63019  -9.63020  -9.63020  -9.63018  -9.63018  -9.63020  -9.63026  -9.63025
  -9.63011  -9.62963  -9.62908  -9.62842  -9.62733  -9.62612  -9.62430  -9.62064
  -9.61692  -9.61219  -9.60404  -9.59683  -9.58846  -9.57421  -9.55981  -9.54094
  -9.45203  -9.45203  -9.45203  -9.45202  -9.45202  -9.45202  -9.45202  -9.45202
  -9.45201  -9.45196  -9.45191  -9.45182  -9.45154  -9.45081  -9.44921  -9.44560
  -9.44280  -9.43984  -9.43432  -9.42883  -9.42226  -9.41150  -9.40073  -9.38610
  -9.38087  -9.38088  -9.38088  -9.38088  -9.38088  -9.38087  -9.38086  -9.38085
  -9.38085  -9.38085  -9.38079  -9.38062  -9.38011  -9.37945  -9.37846  -9.37643
  -9.37399  -9.37083  -9.36600  -9.36181  -9.35661  -9.34711  -9.33759  -9.32470
  -9.32899  -9.32899  -9.32899  -9.32899  -9.32899  -9.32899  -9.32899  -9.32899
  -9.32900  -9.32901  -9.32898  -9.32889  -9.32858  -9.32803  -9.32705  -9.32495
  -9.32292  -9.32044  -9.31622  -9.31268  -9.30836  -9.30008  -9.29202  -9.28102
  -9.27934  -9.27934  -9.27934  -9.27932  -9.27932  -9.27934  -9.27941  -9.27943
  -9.27934  -9.27901  -9.27870  -9.27845  -9.27828  -9.27800  -9.27727  -9.27542
  -9.27382  -9.27192  -9.26833  -9.26522  -9.26163  -9.25514  -9.24827  -9.23889
  -9.29627  -9.29627  -9.29627  -9.29626  -9.29625  -9.29627  -9.29632  -9.29635
  -9.29630  -9.29610  -9.29592  -9.29580  -9.29581  -9.29592  -9.29606  -9.29597
  -9.29484  -9.29277  -9.28925  -9.28580  -9.28162  -9.27475  -9.26745  -9.25754
  -9.34561  -9.34560  -9.34561  -9.34561  -9.34562  -9.34561  -9.34558  -9.34557
  -9.34559  -9.34568  -9.34570  -9.34560  -9.34520  -9.34479  -9.34437  -9.34368
  -9.34242  -9.34057  -9.33780  -9.33495  -9.33128  -9.32515  -9.31893  -9.31008
  -9.36757  -9.36757  -9.36757  -9.36758  -9.36758  -9.36757  -9.36754  -9.36752
  -9.36751  -9.36753  -9.36742  -9.36709  -9.36611  -9.36497  -9.36347  -9.36089
  -9.35841  -9.35534  -9.35030  -9.34611  -9.34160  -9.33466  -9.32813  -9.31967
  -9.37314  -9.37314  -9.37314  -9.37315  -9.37315  -9.37314  -9.37314  -9.37315
  -9.37319  -9.37330  -9.37343  -9.37360  -9.37392  -9.37427  -9.37474  -9.37542
  -9.37542  -9.37491  -9.37373  -9.37217  -9.36965  -9.36456  -9.35976  -9.35322
  -9.43521  -9.43521  -9.43521  -9.43520  -9.43520  -9.43521  -9.43523  -9.43524
  -9.43521  -9.43512  -9.43509  -9.43517  -9.43546  -9.43547  -9.43494  -9.43335
  -9.43255  -9.43173  -9.42905  -9.42672  -9.42404  -9.41880  -9.41428  -9.40817
  -9.47486  -9.47486  -9.47486  -9.47486  -9.47486  -9.47486  -9.47486  -9.47486
  -9.47486  -9.47485  -9.47485  -9.47487  -9.47490  -9.47485  -9.47466  -9.47409
  -9.47344  -9.47241  -9.47006  -9.46766  -9.46494  -9.46080  -9.45643  -9.45030
 -74.00000 -74.00000 -74.00000 -74.00000 -74.00000 -74.00000 -74.00000 -74.00000
 -74.00000 -74.00000 -74.00000 -74.00000 -74.00000 -74.00000 -74.00000 -74.00000
 -74.00000 -74.00000 -74.00000 -74.00000 -74.00000 -74.00000 -74.00000 -74.00000
 -74.00000 -74.00000 -74.00000 -74.00000 -74.00000 -74.00000 -74.00000 -74.00000
 -74.00000 -74.00000 -74.00000 -74.00000 -74.00000 -74.00000 -74.00000 -74.00000
 -74.00000 -74.00000 -74.00000 -74.00000 -74.00000 -74.00000 -74.00000 -74.00000
 -74.00000 -74.00000 -74.00000 -74.00000 -74.00000 -74.00000 -74.00000 -74.00000
 -74.00000 -74.00000 -74.00000 -74.00000 -74.00000 -74.00000 -74.00000 -74.00000
 -74.00000 -74.00000 -74.00000 -74.00000 -74.00000 -74.00000 -74.00000 -74.00000
 -74.00000 -74.00000 -74.00000 -74.00000 -74.00000 -74.00000 -74.00000 -74.00000
 -74.00000 -74.00000 -74.00000 -74.00000 -74.00000 -74.00000 -74.00000 -74.00000
 -74.00000 -74.00000 -74.00000 -74.00000 -74.00000 -74.00000 -74.00000 -74.00000
 -74.00000 -74.00000 -74.00000 -74.00000 -74.00000 -74.00000 -74.00000 -74.00000
 -74.00000 -74.00000 -74.00000 -74.00000 -74.00000 -74.00000 -74.00000 -74.00000
 -74.00000 -74.00000 -74.00000 -74.00000 -74.00000 -74.00000 -74.00000 -74.00000
 -74.00000 -74.00000 -74.00000 -74.00000 -74.00000 -74.00000 -74.00000 -74.00000
 -74.00000 -74.00000 -74.00000 -74.00000 -74.00000 -74.00000 -74.00000 -74.00000
 -74.00000 -74.00000 -74.00000 -74.00000 -74.00000 -74.00000 -74.00000 -74.00000
 -74.00000 -74.00000 -74.00000 -74.00000 -74.00000 -74.00000 -74.00000 -74.00000
 -74.00000 -74.00000 -74.00000 -74.00000 -74.00000 -74.00000 -74.00000 -74.00000
 -74.00000 -74.00000 -74.00000 -74.00000 -74.00000 -74.00000 -74.00000 -74.00000
 -74.00000 -74.00000 -74.00000 -74.00000 -74.00000 -74.00000 -74.00000 -74.00000
 -74.00000 -74.00000 -74.00000 -74.00000 -74.00000 -74.00000 -74.00000 -74.00000
 -74.00000 -74.00000 -74.00000 -74.00000 -74.00000 -74.00000 -74.00000 -74.00000
 -72.20619 -72.20619 -72.20619 -72.20619 -72.20619 -72.20619 -72.20619 -72.20619
 -72.20619 -72.20619 -72.20619 -72.20619 -72.20619 -72.20619 -72.20619 -72.20619
 -72.20619 -72.20619 -72.20619 -72.20619 -72.20619 -72.20619 -72.20619 -72.20619
 -71.93740 -71.93740 -71.93740 -71.93740 -71.93740 -71.93740 -71.93740 -71.93740
 -71.93740 -71.93740 -71.93740 -71.93740 -71.93740 -71.93740 -71.93740 -71.93740
 -71.93740 -71.93740 -71.93740 -71.93740 -71.93740 -71.93740 -71.93740 -71.93740
 -58.86899 -58.86899 -58.86899 -58.86899 -58.86899 -58.86899 -58.86899 -58.86899
 -58.86899 -58.86899 -58.86899 -58.86899 -58.86899 -58.86899 -58.86899 -58.86899
 -58.86899 -58.86899 -58.86899 -58.86899 -58.86899 -58.86898 -58.86898 -58.86898
 -42.91422 -42.91422 -42.91422 -42.91422 -42.91422 -42.91422 -42.91422 -42.91422
 -42.91422 -42.91422 -42.91422 -42.91422 -42.91422 -42.91423 -42.91423 -42.91423
 -42.91423 -42.91424 -42.91424 -42.91424 -42.91421 -42.91414 -42.91412 -42.91414
 -35.13699 -35.13699 -35.13699 -35.13699 -35.13699 -35.13699 -35.13699 -35.13699
 -35.13699 -35.13699 -35.13699 -35.13699 -35.13699 -35.13698 -35.13698 -35.13697
 -35.13697 -35.13695 -35.13694 -35.13694 -35.13673 -35.13624 -35.13612 -35.13614
 -27.40437 -27.40437 -27.40437 -27.40437 -27.40436 -27.40436 -27.40437 -27.40437
 -27.40437 -27.40437 -27.40435 -27.40431 -27.40421 -27.40409 -27.40392 -27.40359
 -27.40326 -27.40285 -27.40233 -27.40202 -27.40145 -27.40029 -27.39933 -27.39783
 -20.76409 -20.76409 -20.76408 -20.76408 -20.76409 -20.76409 -20.76408 -20.76407
 -20.76406 -20.76408 -20.76413 -20.76416 -20.76407 -20.76384 -20.76348 -20.76280
 -20.76216 -20.76149 -20.76053 -20.75959 -20.75832 -20.75601 -20.75380 -20.75108
 -17.70127 -17.70127 -17.70127 -17.70128 -17.70129 -17.70130 -17.70127 -17.70122
 -17.70119 -17.70129 -17.70148 -17.70158 -17.70121 -17.70038 -17.69944 -17.69882
 -17.69894 -17.69813 -17.69621 -17.69609 -17.69574 -17.69326 -17.69009 -17.68690
 -15.44980 -15.44982 -15.44985 -15.44989 -15.44991 -15.44991 -15.44989 -15.44987
 -15.44986 -15.44993 -15.45005 -15.45012 -15.44995 -15.44951 -15.44893 -15.44824
 -15.44788 -15.44727 -15.44588 -15.44456 -15.44303 -15.44079 -15.43891 -15.43613
 -13.74225 -13.74212 -13.74182 -13.74136 -13.74105 -13.74081 -13.74057 -13.74044
 -13.74034 -13.74022 -13.74011 -13.73997 -13.73976 -13.73956 -13.73927 -13.73866
 -13.73795 -13.73689 -13.73543 -13.73471 -13.73321 -13.72950 -13.72627 -13.72371
 -12.86316 -12.86324 -12.86330 -12.86302 -12.86238 -12.86156 -12.86069 -12.86045
 -12.86050 -12.86081 -12.86103 -12.86109 -12.86068 -12.85993 -12.85908 -12.85844
 -12.85843 -12.85778 -12.85572 -12.85421 -12.85294 -12.85059 -12.84737 -12.84433
 -11.94771 -11.94773 -11.94778 -11.94781 -11.94776 -11.94757 -11.94702 -11.94635
 -11.94567 -11.94515 -11.94522 -11.94541 -11.94517 -11.94432 -11.94330 -11.94265
 -11.94295 -11.94256 -11.94050 -11.93880 -11.93751 -11.93601 -11.93429 -11.93209
 -11.18452 -11.18453 -11.18453 -11.18453 -11.18452 -11.18451 -11.18451 -11.18453
 -11.18456 -11.18461 -11.18464 -11.18465 -11.18460 -11.18449 -11.18430 -11.18394
 -11.18355 -11.18294 -11.18184 -11.18092 -11.17987 -11.17825 -11.17687 -11.17520
 -10.84801 -10.84801 -10.84801 -10.84801 -10.84801 -10.84801 -10.84801 -10.84801
 -10.84801 -10.84801 -10.84799 -10.84798 -10.84800 -10.84804 -10.84806 -10.84797
 -10.84787 -10.84818 -10.84787 -10.84572 -10.84465 -10.84477 -10.84294 -10.84070
 -10.58768 -10.58769 -10.58769 -10.58769 -10.58768 -10.58768 -10.58769 -10.58771
 -10.58772 -10.58767 -10.58758 -10.58753 -10.58769 -10.58801 -10.58820 -10.58760
 -10.58645 -10.58608 -10.58617 -10.58489 -10.58419 -10.58442 -10.58354 -10.58192
 -10.37625 -10.37625 -10.37626 -10.37627 -10.37628 -10.37627 -10.37626 -10.37625
 -10.37624 -10.37626 -10.37629 -10.37631 -10.37624 -10.37610 -10.37600 -10.37615
 -10.37643 -10.37614 -10.37525 -10.37528 -10.37520 -10.37401 -10.37247 -10.37142
 -10.27006 -10.27007 -10.27008 -10.27010 -10.27011 -10.27010 -10.27009 -10.27007
 -10.27006 -10.27008 -10.27014 -10.27017 -10.27006 -10.26981 -10.26953 -10.26932
 -10.26938 -10.26945 -10.26925 -10.26883 -10.26841 -10.26767 -10.26660 -10.26554
 -10.16590 -10.16579 -10.16557 -10.16533 -10.16530 -10.16536 -10.16547 -10.16551
 -10.16552 -10.16551 -10.16552 -10.16555 -10.16562 -10.16569 -10.16567 -10.16532
 -10.16485 -10.16478 -10.16497 -10.16442 -10.16390 -10.16360 -10.16316 -10.16253
 -10.09177 -10.09179 -10.09182 -10.09180 -10.09168 -10.09151 -10.09125 -10.09107
 -10.09089 -10.09064 -10.09045 -10.09027 -10.09009 -10.09002 -10.09001 -10.09010
 -10.09017 -10.08997 -10.08959 -10.08964 -10.08935 -10.08848 -10.08815 -10.08772
 -10.06533 -10.06532 -10.06530 -10.06534 -10.06543 -10.06548 -10.06532 -10.06493
 -10.06442 -10.06380 -10.06351 -10.06337 -10.06332 -10.06332 -10.06332 -10.06332
 -10.06331 -10.06335 -10.06331 -10.06301 -10.06266 -10.06230 -10.06201 -10.06157
 -10.04942 -10.04941 -10.04940 -10.04942 -10.04948 -10.04952 -10.04942 -10.04916
 -10.04882 -10.04838 -10.04816 -10.04802 -10.04792 -10.04788 -10.04788 -10.04793
 -10.04797 -10.04779 -10.04743 -10.04744 -10.04735 -10.04695 -10.04667 -10.04624
 -10.04979 -10.04978 -10.04977 -10.04979 -10.04983 -10.04984 -10.04973 -10.04949
 -10.04918 -10.04878 -10.04857 -10.04843 -10.04836 -10.04836 -10.04838 -10.04836
 -10.04831 -10.04836 -10.04839 -10.04807 -10.04773 -10.04738 -10.04705 -10.04681
 -74.00000 -74.00000 -74.00000 -74.00000 -74.00000 -74.00000 -74.00000 -74.00000
 -74.00000 -74.00000 -74.00000 -74.00000 -74.00000 -74.00000 -74.00000 -74.00000
 -74.00000 -74.00000 -74.00000 -74.00000 -74.00000 -74.00000 -74.00000 -74.00000
 -74.00000 -74.00000 -74.00000 -74.00000 -74.00000 -74.00000 -74.00000 -74.00000
 -74.00000 -74.00000 -74.00000 -74.00000 -74.00000 -74.00000 -74.00000 -74.00000
 -74.00000 -74.00000 -74.00000 -74.00000 -74.00000 -74.00000 -74.00000 -74.00000
 -74.00000 -74.00000 -74.00000 -74.00000 -74.00000 -74.00000 -74.00000 -74.00000
 -74.00000 -74.00000 -74.00000 -74.00000 -74.00000 -74.00000 -74.00000 -74.00000
 -74.00000 -74.00000 -74.00000 -74.00000 -74.00000 -74.00000 -74.00000 -74.00000
 -74.00000 -74.00000 -74.00000 -74.00000 -74.00000 -74.00000 -74.00000 -74.00000
 -74.00000 -74.00000 -74.00000 -74.00000 -74.00000 -74.00000 -74.00000 -74.00000
 -74.00000 -74.00000 -74.00000 -74.00000 -74.00000 -74.00000 -74.00000 -74.00000
 -74.00000 -74.00000 -74.00000 -74.00000 -74.00000 -74.00000 -74.00000 -74.00000
 -74.00000 -74.00000 -74.00000 -74.00000 -74.00000 -74.00000 -74.00000 -74.00000
 -74.00000 -74.00000 -74.00000 -74.00000 -74.00000 -74.00000 -74.00000 -74.00000
 -74.00000 -74.00000 -74.00000 -74.00000 -74.00000 -74.00000 -74.00000 -74.00000
 -74.00000 -74.00000 -74.00000 -74.00000 -74.00000 -74.00000 -74.00000 -74.00000
 -74.00000 -74.00000 -74.00000 -74.00000 -74.00000 -74.00000 -74.00000 -74.00000
 -74.00000 -74.00000 -74.00000 -74.00000 -74.00000 -74.00000 -74.00000 -74.00000
 -74.00000 -74.00000 -74.00000 -74.00000 -74.00000 -74.00000 -74.00000 -74.00000
 -74.00000 -74.00000 -74.00000 -74.00000 -74.00000 -74.00000 -74.00000 -74.00000
 -74.00000 -74.00000 -74.00000 -74.00000 -74.00000 -74.00000 -74.00000 -74.00000
 -74.00000 -74.00000 -74.00000 -74.00000 -74.00000 -74.00000 -74.00000 -74.00000
 -74.00000 -74.00000 -74.00000 -74.00000 -74.00000 -74.00000 -74.00000 -74.00000
 -71.06023 -71.06023 -71.05988 -71.05942 -71.06023 -71.06244 -71.06385 -71.06030
 -71.05079 -71.03327 -71.02064 -71.01149 -71.00350 -70.99871 -70.99373 -70.98709
 -70.98259 -70.97890 -70.97488 -70.97206 -70.96922 -70.96578 -70.96333 -70.96069
 -72.81394 -72.81394 -72.81499 -72.81639 -72.81394 -72.80726 -72.80301 -72.81374
 -72.84244 -72.89529 -72.93341 -72.96104 -72.98515 -72.99959 -73.01464 -73.03467
 -73.04824 -73.05938 -73.07153 -73.08002 -73.08860 -73.09898 -73.10638 -73.11434
 -69.02281 -69.02281 -69.01820 -69.01211 -69.02281 -69.05199 -69.07052 -69.02359
 -68.89810 -68.66690 -68.49992 -68.37853 -68.27194 -68.20756 -68.14025 -68.05038
 -67.98926 -67.93884 -67.88356 -67.84486 -67.80582 -67.75846 -67.72462 -67.68831
 -52.85430 -52.85430 -52.84913 -52.84230 -52.85430 -52.88689 -52.90638 -52.85110
 -52.70526 -52.43179 -52.22507 -52.05949 -51.88350 -51.75394 -51.60834 -51.40276
 -51.25272 -51.11769 -50.95700 -50.84199 -50.72859 -50.58540 -50.47985 -50.37115
 -40.64143 -40.64143 -40.64350 -40.64623 -40.64143 -40.62822 -40.61856 -40.63677
 -40.68757 -40.77609 -40.83020 -40.85324 -40.84078 -40.80827 -40.76327 -40.69105
 -40.63084 -40.56894 -40.48675 -40.42599 -40.36743 -40.28943 -40.22942 -40.16960
 -29.86871 -29.86871 -29.86801 -29.86710 -29.86871 -29.87311 -29.87616 -29.86969
 -29.85197 -29.82042 -29.79977 -29.78825 -29.78499 -29.78808 -29.79330 -29.80197
 -29.80913 -29.81619 -29.82447 -29.82913 -29.83190 -29.83348 -29.83304 -29.83041
 -22.70335 -22.70335 -22.70353 -22.70378 -22.70335 -22.70213 -22.70072 -22.70118
 -22.70374 -22.70861 -22.71164 -22.71281 -22.71132 -22.70800 -22.70285 -22.69293
 -22.68278 -22.67028 -22.65120 -22.63486 -22.61636 -22.58890 -22.56511 -22.53764
 -19.31730 -19.31730 -19.31733 -19.31737 -19.31730 -19.31708 -19.31651 -19.31586
 -19.31501 -19.31372 -19.31274 -19.31178 -19.31009 -19.30803 -19.30490 -19.29834
 -19.29096 -19.28120 -19.26589 -19.25284 -19.23817 -19.21552 -19.19529 -19.17199
 -16.64251 -16.64251 -16.64252 -16.64252 -16.64251 -16.64250 -16.64258 -16.64282
 -16.64325 -16.64378 -16.64385 -16.64343 -16.64224 -16.64102 -16.63953 -16.63626
 -16.63197 -16.62575 -16.61638 -16.60856 -16.59923 -16.58441 -16.57141 -16.55675
 -14.57656 -14.57656 -14.57656 -14.57655 -14.57656 -14.57657 -14.57656 -14.57651
 -14.57641 -14.57623 -14.57610 -14.57597 -14.57558 -14.57493 -14.57380 -14.57130
 -14.56844 -14.56457 -14.55777 -14.55178 -14.54549 -14.53543 -14.52640 -14.51667
 -13.46957 -13.46957 -13.46956 -13.46956 -13.46957 -13.46960 -13.46962 -13.46959
 -13.46949 -13.46934 -13.46929 -13.46931 -13.46920 -13.46876 -13.46785 -13.46593
 -13.46397 -13.46153 -13.45693 -13.45286 -13.44901 -13.44259 -13.43681 -13.43112
 -12.34993 -12.34993 -12.34993 -12.34993 -12.34993 -12.34994 -12.34994 -12.34992
 -12.34989 -12.34988 -12.34999 -12.35020 -12.35035 -12.35009 -12.34935 -12.34790
 -12.34676 -12.34571 -12.34379 -12.34167 -12.33908 -12.33564 -12.33240 -12.32761
 -11.47500 -11.47500 -11.47500 -11.47500 -11.47500 -11.47499 -11.47499 -11.47500
 -11.47502 -11.47504 -11.47499 -11.47488 -11.47481 -11.47497 -11.47537 -11.47568
 -11.47524 -11.47400 -11.47241 -11.47121 -11.46933 -11.46630 -11.46368 -11.46058
 -11.12123 -11.12123 -11.12122 -11.12122 -11.12123 -11.12123 -11.12124 -11.12123
 -11.12119 -11.12117 -11.12123 -11.12136 -11.12144 -11.12123 -11.12067 -11.11958
 -11.11871 -11.11800 -11.11767 -11.11711 -11.11535 -11.11327 -11.11210 -11.11008
 -10.86851 -10.86851 -10.86851 -10.86851 -10.86851 -10.86853 -10.86854 -10.86851
 -10.86845 -10.86841 -10.86851 -10.86874 -10.86887 -10.86851 -10.86758 -10.86616
 -10.86559 -10.86580 -10.86609 -10.86507 -10.86255 -10.86097 -10.86098 -10.85948
 -10.68162 -10.68162 -10.68162 -10.68162 -10.68162 -10.68162 -10.68161 -10.68162
 -10.68164 -10.68165 -10.68162 -10.68156 -10.68152 -10.68162 -10.68187 -10.68211
 -10.68190 -10.68122 -10.68031 -10.67956 -10.67837 -10.67664 -10.67523 -10.67346
 -10.59519 -10.59519 -10.59519 -10.59519 -10.59519 -10.59518 -10.59518 -10.59519
 -10.59521 -10.59522 -10.59519 -10.59511 -10.59506 -10.59519 -10.59549 -10.59566
 -10.59515 -10.59402 -10.59357 -10.59357 -10.59244 -10.59122 -10.59027 -10.58795
 -10.51715 -10.51715 -10.51715 -10.51715 -10.51715 -10.51716 -10.51716 -10.51715
 -10.51713 -10.51712 -10.51715 -10.51722 -10.51726 -10.51715 -10.51689 -10.51660
 -10.51673 -10.51715 -10.51645 -10.51525 -10.51464 -10.51367 -10.51239 -10.51089
 -10.46824 -10.46824 -10.46824 -10.46824 -10.46824 -10.46824 -10.46825 -10.46824
 -10.46822 -10.46821 -10.46824 -10.46831 -10.46835 -10.46824 -10.46795 -10.46753
 -10.46740 -10.46746 -10.46687 -10.46617 -10.46594 -10.46490 -10.46363 -10.46287
 -10.45335 -10.45335 -10.45335 -10.45335 -10.45335 -10.45335 -10.45335 -10.45335
 -10.45336 -10.45336 -10.45335 -10.45335 -10.45334 -10.45335 -10.45339 -10.45351
 -10.45365 -10.45378 -10.45322 -10.45229 -10.45138 -10.45045 -10.44987 -10.44917
 -10.44919 -10.44919 -10.44919 -10.44919 -10.44919 -10.44919 -10.44919 -10.44919
 -10.44917 -10.44917 -10.44919 -10.44924 -10.44926 -10.44919 -10.44899 -10.44869
 -10.44856 -10.44857 -10.44841 -10.44793 -10.44713 -10.44604 -10.44536 -10.44469
 -10.45322 -10.45322 -10.45322 -10.45321 -10.45322 -10.45322 -10.45322 -10.45322
 -10.45320 -10.45319 -10.45322 -10.45327 -10.45330 -10.45322 -10.45300 -10.45267
 -10.45255 -10.45259 -10.45234 -10.45193 -10.45159 -10.45086 -10.45012 -10.44943
C-------------------------------------------------------------------------------
C
C     RATE COEFFICIENTS IN UNITS OF CM**3 S-1 
C     --------------------------------------- 
C
C     INPUT DATA
C         FOR YEAR: 96 AND WITH PREFIX: pj
C         FOR ne RECOMBINING ION CHARGE(S)  1 TO 10
C
C     CODE     : ADAS404
C     PRODUCER : Martin O'Mullane              
C     DATE     : 11/06/14
C
C-------------------------------------------------------------------------------
C
C  Re-run because of mis-identified parent in the projection mapping (adf18).
C  The identification of the 4th parent (2p3 3s1 5S) was at fault so the
C  differences are not large.
C
C  PRODUCER : Martin O'Mullane              
C  DATE     : 21.06.2014
C
C-------------------------------------------------------------------------------

C-----------------------------------------------------------------------
C                               OPEN-ADAS
C                               +++++++++
C
C This file has been downloaded from OPEN-ADAS (http://open.adas.ac.uk)
C on 23-Apr-2020.
C
C TERMS AND CONDITIONS
C --------------------
C
C The user of the OPEN-ADAS system and data (hereinafter "the User")
C accepts the following terms and conditions:
C
C   1. The University of Strathclyde uses all reasonable endeavours to
C      ensure the accuracy of the data provided and any information
C      given, but the University makes no warranty, expressed or implied
C      as to its accuracy, integrity, fitness for purpose and shall not
C      be responsible for the use to which the data is put by the User
C      and/or any consequences arising out of any inaccuracies or
C      omissions.
C
C   2. Any downloaded OPEN-ADAS file is made available for the
C      personal use of the User only.  It must not be used for any
C      commercial application, incorporated into any web site or in
C      any form re-distributed without express prior written permission
C      from the ADAS Project. In particular, but not by way of
C      limitation, it must not be:
C        *  inserted into a managed database structure,
C        *  redistributed along with a modelling or analysis code,
C        *  made available on a public website.
C
C Permission for OPEN-ADAS data incorporation in non-commercial
C code/system development for scientific advance will not be
C unreasonably withheld, but will be subject to written agreement
C on a case by case basis.
C
C The User will indemnify the University of Strathclyde and keep it
C fully and effectively indemnified against each and every claim made
C against the University as a result of the User's use of the data.
C
C-----------------------------------------------------------------------
