    6   24   30
   7.69897   8.00000   8.30103   8.69897   9.00000   9.30103   9.69897  10.00000
  10.30103  10.69897  11.00000  11.30103  11.69897  12.00000  12.30103  12.69897
  13.00000  13.30103  13.69897  14.00000  14.30103  14.69897  15.00000  15.30103
   -.69877   -.52268   -.30083   -.15470    .00020    .17629    .30123    .47732
    .69917    .84530   1.00020   1.17629   1.30123   1.47732   1.69917   1.84530
   2.00020   2.17629   2.30123   2.47732   2.69917   2.84530   3.00020   3.17629
   3.30123   3.47732   3.69917   3.84530   4.00020   4.17629
 -31.96838 -31.93698 -31.91227 -31.90280 -31.88125 -31.80117 -31.65822 -31.52789
 -31.32822 -30.98097 -30.67732 -30.34809 -29.89351 -29.55016 -29.21716 -28.79272
 -28.48058 -28.17345 -27.77200 -27.46974 -27.16805 -26.77547 -26.48308 -26.19131
 -23.84573 -23.80925 -23.76818 -23.69848 -23.64733 -23.61500 -23.56207 -23.50993
 -23.46273 -23.39264 -23.31933 -23.21915 -23.03446 -22.85587 -22.65040 -22.34568
 -22.09438 -21.82795 -21.45940 -21.17236 -20.88111 -20.49646 -20.20735 -19.91849
 -17.37955 -17.35104 -17.32230 -17.28389 -17.25113 -17.21166 -17.15281 -17.10371
 -17.04844 -16.96667 -16.90184 -16.83939 -16.76673 -16.71579 -16.65796 -16.54525
 -16.41653 -16.24392 -15.96146 -15.71788 -15.45691 -15.10333 -14.83593 -14.56842
 -14.62358 -14.59714 -14.56919 -14.53087 -14.49953 -14.46425 -14.41104 -14.36668
 -14.31960 -14.25276 -14.20054 -14.15049 -14.09281 -14.05330 -14.00974 -13.92596
 -13.82803 -13.69163 -13.45797 -13.24826 -13.01876 -12.71544 -12.49349 -12.27216
 -12.56734 -12.54403 -12.51945 -12.48526 -12.45585 -12.42096 -12.36887 -12.32701
 -12.28342 -12.22215 -12.17553 -12.13324 -12.08734 -12.05687 -12.02245 -11.95336
 -11.87101 -11.75595 -11.55890 -11.38245 -11.19175 -10.95616 -10.79552 -10.63657
 -10.91803 -10.90007 -10.88054 -10.85062 -10.82371 -10.79305 -10.74828 -10.71310
 -10.67737 -10.62839 -10.59175 -10.55876 -10.52279 -10.49816 -10.46920 -10.41007
 -10.34008 -10.24339 -10.08059  -9.93906  -9.79213  -9.62276  -9.51482  -9.40897
 -10.04895 -10.03551 -10.02052  -9.99601  -9.97316  -9.94733  -9.90982  -9.88076
  -9.85185  -9.81225  -9.78258  -9.75619  -9.72693  -9.70603  -9.68087  -9.62816
  -9.56601  -9.48156  -9.34053  -9.21978  -9.09772  -8.96203  -8.87861  -8.79738
  -9.16732  -9.15826  -9.14753  -9.12886  -9.11089  -9.09074  -9.06288  -9.04182
  -9.02051  -8.99098  -8.96894  -8.94953  -8.92757  -8.91054  -8.88833  -8.84167
  -8.78786  -8.71580  -8.59595  -8.49531  -8.39757  -8.29158  -8.22709  -8.16448
  -8.42328  -8.41807  -8.41122  -8.39847  -8.38633  -8.37332  -8.35649  -8.34369
  -8.32964  -8.30949  -8.29441  -8.28075  -8.26371  -8.24943  -8.23091  -8.19103
  -8.14455  -8.08263  -7.98037  -7.89488  -7.81211  -7.72377  -7.67135  -7.62068
  -8.07152  -8.06729  -8.06231  -8.05358  -8.04530  -8.03631  -8.02440  -8.01521
  -8.00518  -7.98969  -7.97758  -7.96700  -7.95347  -7.94138  -7.92527  -7.89042
  -7.84945  -7.79415  -7.70237  -7.62447  -7.54708  -7.46552  -7.41911  -7.37461
  -7.78514  -7.78225  -7.77819  -7.77129  -7.76575  -7.76068  -7.75333  -7.74656
  -7.73871  -7.72689  -7.71783  -7.70974  -7.69937  -7.68963  -7.67569  -7.64566
  -7.61039  -7.56196  -7.47875  -7.40664  -7.33533  -7.25926  -7.21475  -7.17182
  -7.53813  -7.53584  -7.53312  -7.52908  -7.52583  -7.52244  -7.51781  -7.51374
  -7.50851  -7.49991  -7.49312  -7.48712  -7.47903  -7.47091  -7.45911  -7.43434
  -7.40518  -7.36402  -7.29080  -7.22512  -7.15828  -7.08647  -7.04481  -7.00470
  -7.40250  -7.40050  -7.39888  -7.39635  -7.39386  -7.39121  -7.38759  -7.38451
  -7.38079  -7.37436  -7.36863  -7.36287  -7.35595  -7.34954  -7.33928  -7.31739
  -7.29176  -7.25524  -7.18843  -7.12708  -7.06376  -6.99505  -6.95492  -6.91626
  -7.25488  -7.25416  -7.25267  -7.25039  -7.24900  -7.24789  -7.24563  -7.24310
  -7.24022  -7.23586  -7.23190  -7.22731  -7.22155  -7.21639  -7.20816  -7.19005
  -7.16842  -7.13729  -7.07845  -7.02266  -6.96363  -6.89871  -6.86070  -6.82412
  -7.12536  -7.12477  -7.12420  -7.12307  -7.12206  -7.12121  -7.11983  -7.11832
  -7.11639  -7.11341  -7.11088  -7.10799  -7.10313  -7.09838  -7.09220  -7.07868
  -7.06170  -7.03669  -6.98856  -6.94079  -6.88701  -6.82591  -6.78973  -6.75487
  -7.06797  -7.06750  -7.06716  -7.06636  -7.06556  -7.06490  -7.06374  -7.06252
  -7.06116  -7.05900  -7.05683  -7.05408  -7.05018  -7.04660  -7.04137  -7.02981
  -7.01559  -6.99457  -6.95263  -6.90955  -6.85995  -6.80248  -6.76781  -6.73429
  -7.02256  -7.02236  -7.02224  -7.02177  -7.02116  -7.02051  -7.01970  -7.01898
  -7.01791  -7.01597  -7.01406  -7.01172  -7.00854  -7.00560  -7.00111  -6.99110
  -6.97886  -6.96079  -6.92395  -6.88516  -6.83952  -6.78436  -6.74936  -6.71524
  -6.97917  -6.97901  -6.97865  -6.97823  -6.97796  -6.97756  -6.97699  -6.97646
  -6.97561  -6.97413  -6.97279  -6.97123  -6.96865  -6.96598  -6.96223  -6.95412
  -6.94396  -6.92867  -6.89801  -6.86460  -6.82251  -6.76951  -6.73521  -6.70167
  -6.95164  -6.95130  -6.95108  -6.95077  -6.95050  -6.95031  -6.94988  -6.94938
  -6.94880  -6.94768  -6.94654  -6.94525  -6.94312  -6.94082  -6.93746  -6.93040
  -6.92154  -6.90788  -6.88056  -6.85007  -6.81028  -6.75988  -6.72755  -6.69598
  -6.91679  -6.91665  -6.91674  -6.91668  -6.91640  -6.91613  -6.91564  -6.91524
  -6.91493  -6.91391  -6.91278  -6.91179  -6.91006  -6.90810  -6.90547  -6.89949
  -6.89177  -6.88021  -6.85770  -6.83271  -6.79935  -6.75271  -6.71917  -6.68585
  -6.87687  -6.87703  -6.87751  -6.87776  -6.87747  -6.87704  -6.87643  -6.87618
  -6.87618  -6.87525  -6.87410  -6.87350  -6.87222  -6.87068  -6.86901  -6.86431
  -6.85792  -6.84902  -6.83265  -6.81475  -6.78984  -6.74793  -6.71244  -6.67639
  -6.85212  -6.85249  -6.85323  -6.85368  -6.85338  -6.85285  -6.85216  -6.85200
  -6.85221  -6.85134  -6.85017  -6.84982  -6.84884  -6.84758  -6.84655  -6.84269
  -6.83716  -6.83002  -6.81772  -6.80448  -6.78509  -6.74629  -6.70956  -6.67177
  -6.82679  -6.82737  -6.82838  -6.82905  -6.82873  -6.82809  -6.82732  -6.82726
  -6.82769  -6.82687  -6.82570  -6.82562  -6.82495  -6.82399  -6.82364  -6.82066
  -6.81603  -6.81078  -6.80281  -6.79448  -6.78091  -6.74539  -6.70739  -6.66777
  -6.79876  -6.79958  -6.80091  -6.80182  -6.80148  -6.80071  -6.79986  -6.79991
  -6.80059  -6.79984  -6.79866  -6.79888  -6.79857  -6.79794  -6.79837  -6.79639
  -6.79276  -6.78968  -6.78663  -6.78388  -6.77687  -6.74507  -6.70566  -6.66401
  -6.77923  -6.78022  -6.78177  -6.78285  -6.78250  -6.78164  -6.78072  -6.78085
  -6.78170  -6.78100  -6.77982  -6.78026  -6.78021  -6.77980  -6.78079  -6.77951
  -6.77660  -6.77505  -6.77550  -6.77669  -6.77430  -6.74513  -6.70475  -6.66169
  -6.75203  -6.75327  -6.75514  -6.75646  -6.75608  -6.75509  -6.75408  -6.75433
  -6.75543  -6.75480  -6.75361  -6.75435  -6.75466  -6.75458  -6.75635  -6.75606
  -6.75414  -6.75477  -6.76015  -6.76687  -6.77095  -6.74546  -6.70376  -6.65874
  -6.71814  -6.71969  -6.72195  -6.72358  -6.72318  -6.72202  -6.72090  -6.72128
  -6.72270  -6.72216  -6.72096  -6.72209  -6.72285  -6.72318  -6.72595  -6.72690
  -6.72619  -6.72958  -6.74118  -6.75482  -6.76696  -6.74608  -6.70279  -6.65536
  -6.69596  -6.69771  -6.70024  -6.70207  -6.70165  -6.70039  -6.69919  -6.69967
  -6.70129  -6.70081  -6.69960  -6.70099  -6.70205  -6.70264  -6.70607  -6.70783
  -6.70792  -6.71313  -6.72883  -6.74700  -6.76440  -6.74653  -6.70223  -6.65325
  -6.67253  -6.67450  -6.67731  -6.67936  -6.67892  -6.67754  -6.67626  -6.67683
  -6.67868  -6.67826  -6.67704  -6.67871  -6.68008  -6.68096  -6.68508  -6.68770
  -6.68862  -6.69577  -6.71581  -6.73877  -6.76169  -6.74700  -6.70166  -6.65108
  -6.64597  -6.64818  -6.65132  -6.65361  -6.65314  -6.65164  -6.65026  -6.65095
  -6.65305  -6.65269  -6.65147  -6.65345  -6.65518  -6.65638  -6.66130  -6.66489
  -6.66673  -6.67610  -6.70108  -6.72944  -6.75857  -6.74747  -6.70101  -6.64865
 -60.29364 -60.09141 -59.84284 -59.44539 -59.10046 -58.71295 -58.15042 -57.70593
 -57.25461 -56.65517 -56.20110 -55.74453 -55.12973 -54.65008 -54.15486 -53.47774
 -52.95683 -52.44354 -51.80600 -51.37489 -50.99831 -50.58526 -50.33559 -50.14441
 -43.36976 -43.34876 -43.30386 -43.18971 -43.06437 -42.92148 -42.71276 -42.53354
 -42.32521 -41.98123 -41.65222 -41.26468 -40.69096 -40.23218 -39.76192 -39.12954
 -38.64817 -38.17273 -37.57839 -37.17306 -36.81272 -36.40684 -36.15424 -35.95443
 -29.18357 -29.15631 -29.11380 -29.02569 -28.93704 -28.84461 -28.74360 -28.69210
 -28.65634 -28.61881 -28.58559 -28.53551 -28.41447 -28.25036 -27.99888 -27.54347
 -27.14439 -26.73534 -26.21550 -25.85239 -25.51810 -25.11754 -24.84884 -24.62406
 -23.14092 -23.11814 -23.08088 -23.00055 -22.91567 -22.82199 -22.71301 -22.65473
 -22.61550 -22.58215 -22.56213 -22.54024 -22.50163 -22.45628 -22.38078 -22.19557
 -21.97041 -21.68497 -21.26599 -20.94535 -20.62351 -20.19388 -19.87589 -19.59190
 -18.58729 -18.56800 -18.53590 -18.46404 -18.38504 -18.29408 -18.18308 -18.12202
 -18.08139 -18.04889 -18.03116 -18.01361 -17.98881 -17.96677 -17.93429 -17.86076
 -17.76684 -17.62572 -17.36540 -17.11876 -16.82861 -16.38840 -16.03874 -15.71744
 -15.01612 -15.00063 -14.97411 -14.91292 -14.84339 -14.76048 -14.65574 -14.59664
 -14.55699 -14.52569 -14.51017 -14.49807 -14.48277 -14.46803 -14.44726 -14.40768
 -14.36378 -14.29814 -14.15899 -13.99840 -13.77650 -13.40163 -13.09042 -12.79839
 -13.20539 -13.19261 -13.17069 -13.11922 -13.05969 -12.98777 -12.89593 -12.84404
 -12.80880 -12.78069 -12.76708 -12.75630 -12.74244 -12.73008 -12.71480 -12.68721
 -12.65620 -12.60984 -12.51170 -12.39409 -12.22159 -11.91358 -11.64967 -11.39764
 -11.36831 -11.35900 -11.34192 -11.30364 -11.26087 -11.20789 -11.13840 -11.09863
 -11.07179 -11.05083 -11.04072 -11.03211 -11.02092 -11.01172 -11.00017 -10.97984
 -10.95857 -10.92756 -10.86117 -10.77934 -10.65536 -10.42514 -10.22059 -10.01944
  -9.87088  -9.86542  -9.85576  -9.83396  -9.80856  -9.77572  -9.73242  -9.70823
  -9.69176  -9.67783  -9.67007  -9.66337  -9.65535  -9.64885  -9.63969  -9.62331
  -9.60771  -9.58655  -9.54084  -9.48273  -9.39421  -9.22833  -9.07741  -8.92473
  -9.21648  -9.21315  -9.20694  -9.19204  -9.17457  -9.15298  -9.12427  -9.10709
  -9.09479  -9.08442  -9.07904  -9.07410  -9.06704  -9.06075  -9.05282  -9.03977
  -9.02707  -9.00890  -8.96992  -8.92161  -8.84833  -8.71142  -8.58564  -8.45478
  -8.71322  -8.71152  -8.70763  -8.69829  -8.68780  -8.67475  -8.65676  -8.64572
  -8.63795  -8.63056  -8.62562  -8.62154  -8.61598  -8.61029  -8.60334  -8.59206
  -8.58103  -8.56597  -8.53404  -8.49407  -8.43322  -8.31839  -8.21167  -8.09973
  -8.30718  -8.30607  -8.30378  -8.29859  -8.29292  -8.28594  -8.27627  -8.27009
  -8.26540  -8.26064  -8.25728  -8.25394  -8.24920  -8.24489  -8.23937  -8.22965
  -8.21997  -8.20731  -8.18153  -8.14920  -8.09874  -8.00344  -7.91519  -7.82010
  -8.09569  -8.09485  -8.09323  -8.08977  -8.08612  -8.08168  -8.07539  -8.07111
  -8.06778  -8.06446  -8.06208  -8.05938  -8.05511  -8.05121  -8.04632  -8.03812
  -8.03013  -8.01919  -7.99608  -7.96734  -7.92370  -7.84129  -7.76337  -7.67758
  -7.87485  -7.87455  -7.87401  -7.87291  -7.87133  -7.86816  -7.86417  -7.86285
  -7.86122  -7.85848  -7.85671  -7.85496  -7.85196  -7.84861  -7.84401  -7.83710
  -7.83121  -7.82223  -7.80181  -7.77721  -7.74222  -7.67457  -7.60698  -7.53238
  -7.69388  -7.69344  -7.69196  -7.69003  -7.68960  -7.68912  -7.68769  -7.68614
  -7.68452  -7.68261  -7.68142  -7.68040  -7.67854  -7.67616  -7.67293  -7.66710
  -7.66125  -7.65392  -7.63945  -7.62126  -7.59255  -7.53611  -7.48082  -7.41765
  -7.61325  -7.61324  -7.61337  -7.61255  -7.61100  -7.61029  -7.60954  -7.60816
  -7.60764  -7.60756  -7.60650  -7.60445  -7.60159  -7.59981  -7.59704  -7.59257
  -7.58876  -7.58215  -7.56824  -7.55264  -7.52853  -7.47966  -7.42995  -7.37225
  -7.55650  -7.55625  -7.55537  -7.55413  -7.55386  -7.55381  -7.55320  -7.55208
  -7.55105  -7.54994  -7.54906  -7.54809  -7.54649  -7.54473  -7.54215  -7.53820
  -7.53481  -7.52947  -7.51820  -7.50485  -7.48372  -7.44024  -7.39555  -7.34318
  -7.51593  -7.51580  -7.51536  -7.51504  -7.51512  -7.51434  -7.51327  -7.51331
  -7.51257  -7.51088  -7.51012  -7.50954  -7.50824  -7.50662  -7.50485  -7.50172
  -7.49819  -7.49376  -7.48457  -7.47259  -7.45407  -7.41596  -7.37590  -7.32840
  -7.50093  -7.50092  -7.50094  -7.50098  -7.50085  -7.50040  -7.49962  -7.49920
  -7.49882  -7.49806  -7.49724  -7.49647  -7.49505  -7.49340  -7.49176  -7.48928
  -7.48643  -7.48221  -7.47353  -7.46293  -7.44606  -7.41096  -7.37388  -7.32875
  -7.49519  -7.49517  -7.49510  -7.49505  -7.49500  -7.49468  -7.49393  -7.49348
  -7.49345  -7.49327  -7.49248  -7.49159  -7.49051  -7.48949  -7.48791  -7.48535
  -7.48308  -7.47943  -7.47170  -7.46250  -7.44775  -7.41620  -7.38190  -7.33912
  -7.49961  -7.49958  -7.49951  -7.49958  -7.49960  -7.49881  -7.49765  -7.49770
  -7.49796  -7.49767  -7.49677  -7.49584  -7.49479  -7.49403  -7.49328  -7.49154
  -7.48914  -7.48598  -7.48001  -7.47243  -7.45951  -7.43120  -7.40017  -7.36089
  -7.50490  -7.50489  -7.50487  -7.50484  -7.50480  -7.50472  -7.50479  -7.50483
  -7.50409  -7.50317  -7.50331  -7.50288  -7.50157  -7.50079  -7.50015  -7.49832
  -7.49581  -7.49330  -7.48868  -7.48186  -7.47024  -7.44456  -7.41572  -7.37850
  -7.51415  -7.51413  -7.51408  -7.51414  -7.51416  -7.51353  -7.51261  -7.51265
  -7.51275  -7.51223  -7.51146  -7.51121  -7.51094  -7.51008  -7.50924  -7.50780
  -7.50593  -7.50364  -7.49903  -7.49283  -7.48269  -7.46003  -7.43366  -7.39844
  -7.52697  -7.52693  -7.52679  -7.52703  -7.52716  -7.52543  -7.52251  -7.52250
  -7.52431  -7.52469  -7.52209  -7.52187  -7.52323  -7.52219  -7.52109  -7.52038
  -7.51951  -7.51723  -7.51214  -7.50666  -7.49816  -7.47891  -7.45549  -7.42255
  -7.53676  -7.53670  -7.53650  -7.53686  -7.53707  -7.53457  -7.53026  -7.53022
  -7.53321  -7.53423  -7.53034  -7.53014  -7.53265  -7.53148  -7.53020  -7.53000
  -7.52982  -7.52754  -7.52213  -7.51717  -7.50983  -7.49298  -7.47169  -7.44038
  -7.55119  -7.55111  -7.55083  -7.55136  -7.55167  -7.54812  -7.54187  -7.54179
  -7.54642  -7.54831  -7.54266  -7.54249  -7.54656  -7.54522  -7.54371  -7.54423
  -7.54498  -7.54271  -7.53687  -7.53264  -7.52689  -7.51344  -7.49518  -7.46617
  -7.57001  -7.56990  -7.56953  -7.57026  -7.57070  -7.56586  -7.55723  -7.55710
  -7.56375  -7.56670  -7.55888  -7.55875  -7.56475  -7.56320  -7.56142  -7.56282
  -7.56470  -7.56242  -7.55609  -7.55278  -7.54900  -7.53982  -7.52546  -7.49935
  -7.58261  -7.58249  -7.58205  -7.58291  -7.58343  -7.57776  -7.56761  -7.56744
  -7.57539  -7.57903  -7.56981  -7.56970  -7.57695  -7.57526  -7.57331  -7.57529
  -7.57788  -7.57560  -7.56896  -7.56626  -7.56375  -7.55738  -7.54563  -7.52145
  -7.59605  -7.59591  -7.59541  -7.59640  -7.59700  -7.59048  -7.57874  -7.57854
  -7.58783  -7.59217  -7.58152  -7.58144  -7.58996  -7.58813  -7.58602  -7.58860
  -7.59192  -7.58963  -7.58270  -7.58064  -7.57946  -7.57605  -7.56712  -7.54499
  -7.61134  -7.61118  -7.61061  -7.61175  -7.61244  -7.60498  -7.59148  -7.59123
  -7.60202  -7.60715  -7.59489  -7.59484  -7.60479  -7.60280  -7.60052  -7.60378
  -7.60788  -7.60558  -7.59835  -7.59702  -7.59731  -7.59728  -7.59159  -7.57180
 -74.00000 -74.00000 -74.00000 -74.00000 -74.00000 -74.00000 -74.00000 -74.00000
 -74.00000 -74.00000 -74.00000 -74.00000 -74.00000 -74.00000 -74.00000 -74.00000
 -74.00000 -74.00000 -74.00000 -74.00000 -74.00000 -74.00000 -74.00000 -74.00000
 -73.99997 -73.99995 -73.99990 -73.99977 -73.99960 -73.99935 -73.99895 -73.99862
 -73.99829 -73.99771 -73.99710 -73.99617 -73.99367 -73.98905 -73.97660 -73.90907
 -73.72549 -73.32795 -72.59183 -71.99142 -71.41928 -70.73654 -70.29463 -69.92720
 -50.19260 -50.13537 -50.04405 -49.86376 -49.69679 -49.52976 -49.34613 -49.24055
 -49.15683 -49.06306 -48.99243 -48.91475 -48.79412 -48.68166 -48.54098 -48.29164
 -48.03830 -47.71894 -47.19369 -46.73915 -46.26332 -45.64668 -45.20971 -44.80323
 -38.29888 -38.24698 -38.16261 -37.99142 -37.82815 -37.66033 -37.47013 -37.36224
 -37.28113 -37.19615 -37.13797 -37.07842 -36.99030 -36.91283 -36.82225 -36.67311
 -36.52477 -36.33132 -35.98605 -35.65475 -35.27552 -34.73457 -34.31635 -33.89742
 -29.37711 -29.33401 -29.26160 -29.10730 -28.95296 -28.78852 -28.59598 -28.48578
 -28.40516 -28.32656 -28.27569 -28.22547 -28.15477 -28.09273 -28.02019 -27.90494
 -27.79728 -27.66375 -27.43075 -27.19738 -26.91099 -26.46094 -26.08201 -25.67718
 -22.41767 -22.38217 -22.32105 -22.18577 -22.04516 -21.89093 -21.70585 -21.59941
 -21.52264 -21.45081 -21.40895 -21.37058 -21.31603 -21.26857 -21.21426 -21.12958
 -21.05164 -20.95578 -20.78881 -20.61935 -20.40401 -20.04338 -19.71869 -19.35327
 -18.91182 -18.88154 -18.82901 -18.71079 -18.58567 -18.44692 -18.27994 -18.18544
 -18.11916 -18.05956 -18.02504 -17.99333 -17.94988 -17.91222 -17.86902 -17.80222
 -17.73994 -17.66318 -17.53118 -17.39579 -17.21940 -16.91278 -16.62587 -16.29413
 -15.37165 -15.34861 -15.30808 -15.21535 -15.11647 -15.00783 -14.88107 -14.81220
 -14.76520 -14.72345 -14.70020 -14.67905 -14.64795 -14.62138 -14.59170 -14.54506
 -14.50086 -14.44633 -14.35293 -14.25529 -14.12424 -13.88648 -13.65182 -13.36964
 -12.50561 -12.49040 -12.46359 -12.40189 -12.33586 -12.26387 -12.18187 -12.13845
 -12.10944 -12.08486 -12.07103 -12.05781 -12.03821 -12.02160 -12.00300 -11.97338
 -11.94548 -11.91109 -11.85146 -11.78888 -11.70235 -11.53528 -11.36113 -11.14154
 -11.26203 -11.25147 -11.23235 -11.18711 -11.13763 -11.08299 -11.02041 -10.98735
 -10.96542 -10.94669 -10.93627 -10.92665 -10.91267 -10.90062 -10.88693 -10.86505
 -10.84385 -10.81765 -10.77344 -10.72687 -10.66143 -10.53203 -10.39171 -10.20866
 -10.31481 -10.30733 -10.29377 -10.26112 -10.22448 -10.18311 -10.13515 -10.10992
 -10.09311 -10.07803 -10.06987 -10.06280 -10.05234 -10.04316 -10.03300 -10.01761
 -10.00234  -9.98265  -9.94873  -9.91425  -9.86636  -9.76923  -9.66025  -9.51242
  -9.55994  -9.55514  -9.54606  -9.52344  -9.49739  -9.46710  -9.43054  -9.41039
  -9.39673  -9.38522  -9.37916  -9.37393  -9.36674  -9.36025  -9.35285  -9.34179
  -9.33072  -9.31666  -9.29341  -9.26911  -9.23443  -9.16378  -9.08438  -8.97167
  -9.17354  -9.16987  -9.16305  -9.14600  -9.12585  -9.10155  -9.07070  -9.05318
  -9.04143  -9.03196  -9.02674  -9.02212  -9.01672  -9.01215  -9.00642  -8.99662
  -8.98779  -8.97725  -8.95869  -8.93963  -8.91286  -8.85737  -8.79317  -8.69854
  -8.77838  -8.77600  -8.77139  -8.75956  -8.74524  -8.72747  -8.70412  -8.69060
  -8.68147  -8.67370  -8.66942  -8.66575  -8.66147  -8.65831  -8.65445  -8.64705
  -8.64050  -8.63278  -8.61854  -8.60438  -8.58528  -8.54575  -8.49774  -8.42214
  -8.45210  -8.45040  -8.44763  -8.44101  -8.43265  -8.42158  -8.40606  -8.39670
  -8.39013  -8.38438  -8.38147  -8.37914  -8.37610  -8.37376  -8.37102  -8.36593
  -8.36132  -8.35584  -8.34607  -8.33624  -8.32275  -8.29476  -8.26077  -8.20257
  -8.31001  -8.30896  -8.30717  -8.30271  -8.29692  -8.28904  -8.27773  -8.27090
  -8.26613  -8.26172  -8.25970  -8.25815  -8.25533  -8.25319  -8.25105  -8.24716
  -8.24335  -8.23869  -8.23077  -8.22305  -8.21234  -8.18954  -8.16180  -8.11195
  -8.20562  -8.20514  -8.20406  -8.20097  -8.19693  -8.19156  -8.18401  -8.17935
  -8.17598  -8.17279  -8.17108  -8.16965  -8.16760  -8.16589  -8.16399  -8.16085
  -8.15755  -8.15345  -8.14709  -8.14085  -8.13212  -8.11379  -8.09082  -8.04780
  -8.12616  -8.12560  -8.12482  -8.12312  -8.12088  -8.11769  -8.11282  -8.10977
  -8.10759  -8.10547  -8.10409  -8.10283  -8.10145  -8.10025  -8.09866  -8.09591
  -8.09331  -8.09017  -8.08488  -8.07954  -8.07220  -8.05716  -8.03838  -8.00230
  -8.08563  -8.08529  -8.08472  -8.08333  -8.08163  -8.07939  -8.07619  -8.07392
  -8.07213  -8.07073  -8.06970  -8.06855  -8.06737  -8.06623  -8.06469  -8.06226
  -8.06011  -8.05743  -8.05251  -8.04776  -8.04153  -8.02882  -8.01289  -7.98151
  -8.04211  -8.04200  -8.04171  -8.04083  -8.03971  -8.03826  -8.03621  -8.03472
  -8.03349  -8.03253  -8.03216  -8.03176  -8.03064  -8.02923  -8.02779  -8.02648
  -8.02466  -8.02181  -8.01764  -8.01442  -8.00999  -7.99911  -7.98545  -7.95964
  -8.00494  -8.00485  -8.00469  -8.00429  -8.00376  -8.00303  -8.00195  -8.00114
  -8.00066  -8.00062  -7.99898  -7.99650  -7.99576  -7.99639  -7.99613  -7.99273
  -7.99157  -7.99156  -7.98835  -7.98414  -7.97966  -7.97298  -7.96223  -7.94079
  -7.98429  -7.98423  -7.98412  -7.98383  -7.98346  -7.98300  -7.98239  -7.98194
  -7.98164  -7.98162  -7.98095  -7.98011  -7.98029  -7.97933  -7.97749  -7.97634
  -7.97498  -7.97341  -7.97278  -7.96952  -7.96407  -7.95811  -7.95021  -7.93354
  -7.96822  -7.96819  -7.96811  -7.96793  -7.96770  -7.96739  -7.96696  -7.96668
  -7.96647  -7.96633  -7.96634  -7.96666  -7.96723  -7.96484  -7.96178  -7.96273
  -7.96122  -7.95788  -7.95843  -7.95775  -7.95403  -7.94729  -7.94050  -7.92790
  -7.95203  -7.95201  -7.95196  -7.95185  -7.95170  -7.95151  -7.95125  -7.95110
  -7.95100  -7.95093  -7.95091  -7.95085  -7.95075  -7.95106  -7.95075  -7.94769
  -7.94665  -7.94670  -7.94421  -7.94160  -7.93958  -7.93696  -7.93078  -7.91867
  -7.94293  -7.94292  -7.94288  -7.94280  -7.94269  -7.94256  -7.94237  -7.94226
  -7.94220  -7.94214  -7.94211  -7.94213  -7.94218  -7.94193  -7.94098  -7.93867
  -7.93860  -7.93906  -7.93589  -7.93287  -7.93092  -7.92895  -7.92435  -7.91489
  -7.93372  -7.93371  -7.93368  -7.93363  -7.93356  -7.93347  -7.93336  -7.93328
  -7.93324  -7.93326  -7.93296  -7.93300  -7.93390  -7.93012  -7.92527  -7.92815
  -7.92994  -7.92844  -7.92628  -7.92483  -7.92269  -7.91835  -7.91672  -7.91363
  -7.92378  -7.92378  -7.92376  -7.92372  -7.92368  -7.92364  -7.92359  -7.92351
  -7.92350  -7.92363  -7.92297  -7.92300  -7.92501  -7.91666  -7.90676  -7.91635
  -7.92052  -7.91643  -7.91564  -7.91626  -7.91385  -7.90639  -7.90854  -7.91360
  -7.91788  -7.91787  -7.91786  -7.91783  -7.91779  -7.91777  -7.91775  -7.91767
  -7.91767  -7.91788  -7.91697  -7.91699  -7.91973  -7.90837  -7.89513  -7.90915
  -7.91489  -7.90911  -7.90922  -7.91119  -7.90860  -7.89908  -7.90373  -7.91415
  -7.91198  -7.91198  -7.91197  -7.91194  -7.91191  -7.91190  -7.91191  -7.91182
  -7.91184  -7.91213  -7.91095  -7.91096  -7.91447  -7.89992  -7.88314  -7.90186
  -7.90925  -7.90167  -7.90275  -7.90616  -7.90337  -7.89166  -7.89896  -7.91508
  -7.90560  -7.90560  -7.90559  -7.90556  -7.90554  -7.90554  -7.90557  -7.90546
  -7.90550  -7.90588  -7.90440  -7.90439  -7.90879  -7.89060  -7.86979  -7.89385
  -7.90314  -7.89352  -7.89569  -7.90073  -7.89772  -7.88352  -7.89384  -7.91643
 -73.69897 -73.69897 -73.69897 -73.69897 -73.69897 -73.69897 -73.69897 -73.69897
 -73.69897 -73.69897 -73.69897 -73.69897 -73.69897 -73.69897 -73.69897 -73.69897
 -73.69897 -73.69897 -73.69897 -73.69897 -73.69897 -73.69897 -73.69897 -73.69897
 -73.69897 -73.69897 -73.69897 -73.69897 -73.69897 -73.69897 -73.69897 -73.69897
 -73.69897 -73.69897 -73.69897 -73.69897 -73.69897 -73.69897 -73.69897 -73.69897
 -73.69897 -73.69897 -73.69897 -73.69897 -73.69897 -73.69897 -73.69897 -73.69897
 -65.21626 -65.21161 -65.20320 -65.18354 -65.15998 -65.12706 -65.06810 -65.01303
 -64.95009 -64.85527 -64.77379 -64.68320 -64.54784 -64.43154 -64.30126 -64.10428
 -63.93228 -63.73040 -63.39723 -63.07053 -62.63002 -61.85370 -61.18570 -60.53196
 -49.21373 -49.20968 -49.20257 -49.18633 -49.16701 -49.14002 -49.09145 -49.04547
 -48.99210 -48.91074 -48.84105 -48.76400 -48.64947 -48.55151 -48.44252 -48.27855
 -48.13549 -47.97039 -47.70565 -47.45268 -47.11966 -46.51251 -45.92972 -45.30829
 -37.20686 -37.20361 -37.19793 -37.18516 -37.17005 -37.14896 -37.11079 -37.07415
 -37.03090 -36.96412 -36.90696 -36.84387 -36.75036 -36.67087 -36.58289 -36.45112
 -36.33691 -36.20798 -36.00846 -35.82459 -35.59253 -35.14901 -34.65726 -34.07764
 -27.82777 -27.82547 -27.82159 -27.81289 -27.80230 -27.78714 -27.75909 -27.73192
 -27.69979 -27.64992 -27.60670 -27.55832 -27.48574 -27.42377 -27.35450 -27.25026
 -27.16126 -27.06160 -26.90764 -26.76728 -26.59799 -26.27342 -25.88273 -25.37942
 -23.09436 -23.09234 -23.08960 -23.08410 -23.07715 -23.06655 -23.04587 -23.02520
 -23.00029 -22.96112 -22.92701 -22.88879 -22.83115 -22.78138 -22.72540 -22.64052
 -22.56707 -22.48446 -22.35691 -22.24104 -22.10353 -21.83992 -21.51175 -21.06582
 -18.32615 -18.32535 -18.32383 -18.32010 -18.31533 -18.30833 -18.29502 -18.28169
 -18.26542 -18.23937 -18.21622 -18.18924 -18.14770 -18.11281 -18.07250 -18.00880
 -17.95398 -17.89176 -17.79429 -17.70602 -17.60116 -17.40124 -17.15022 -16.78223
 -14.49479 -14.49438 -14.49392 -14.49277 -14.49059 -14.48648 -14.47761 -14.46871
 -14.45836 -14.44215 -14.42702 -14.40941 -14.38194 -14.35711 -14.32936 -14.28718
 -14.24840 -14.20397 -14.13491 -14.07017 -13.99132 -13.84219 -13.65719 -13.37262
 -12.83862 -12.83860 -12.83868 -12.83850 -12.83723 -12.83419 -12.82719 -12.82046
 -12.81329 -12.80238 -12.79091 -12.77670 -12.75441 -12.73496 -12.71300 -12.67912
 -12.64878 -12.61362 -12.55731 -12.50388 -12.43742 -12.31128 -12.15732 -11.91586
 -11.57997 -11.57926 -11.57887 -11.57870 -11.57803 -11.57614 -11.57142 -11.56667
 -11.56139 -11.55279 -11.54348 -11.53304 -11.51777 -11.50276 -11.48540 -11.45962
 -11.43657 -11.40862 -11.36223 -11.31883 -11.26355 -11.15689 -11.02890 -10.82591
 -10.58264 -10.58273 -10.58260 -10.58195 -10.58106 -10.57981 -10.57729 -10.57424
 -10.56976 -10.56202 -10.55589 -10.54934 -10.53826 -10.52669 -10.51437 -10.49635
 -10.47691 -10.45460 -10.42083 -10.38593 -10.33990 -10.25088 -10.14314  -9.97392
 -10.07594 -10.07595 -10.07589 -10.07557 -10.07500 -10.07403 -10.07192 -10.06955
 -10.06637 -10.06077 -10.05551 -10.04983 -10.04076 -10.03100 -10.02114 -10.00699
  -9.98988  -9.97072  -9.94313  -9.91298  -9.87230  -9.79302  -9.69642  -9.54530
  -9.55996  -9.55997  -9.56009  -9.56032  -9.56030  -9.55989  -9.55846  -9.55655
  -9.55381  -9.54912  -9.54519  -9.54065  -9.53330  -9.52683  -9.51955  -9.50788
  -9.49635  -9.48171  -9.45688  -9.43287  -9.40007  -9.33260  -9.25053  -9.12178
  -9.13674  -9.13674  -9.13682  -9.13690  -9.13662  -9.13574  -9.13377  -9.13233
  -9.13152  -9.13044  -9.12759  -9.12378  -9.11829  -9.11312  -9.10758  -9.09903
  -9.08969  -9.07863  -9.06098  -9.04201  -9.01512  -8.95954  -8.89118  -8.78323
  -8.95091  -8.95092  -8.95110  -8.95147  -8.95144  -8.95078  -8.94901  -8.94775
  -8.94725  -8.94717  -8.94564  -8.94216  -8.93558  -8.93112  -8.92714  -8.92071
  -8.91305  -8.90382  -8.88891  -8.87244  -8.84886  -8.79925  -8.73705  -8.63964
  -8.81091  -8.81090  -8.81083  -8.81067  -8.81068  -8.81096  -8.81152  -8.81147
  -8.81044  -8.80801  -8.80652  -8.80425  -8.79973  -8.79672  -8.79290  -8.78583
  -8.78026  -8.77331  -8.75965  -8.74470  -8.72387  -8.68047  -8.62558  -8.53793
  -8.70291  -8.70292  -8.70305  -8.70331  -8.70329  -8.70280  -8.70155  -8.70082
  -8.70085  -8.70076  -8.69834  -8.69604  -8.69423  -8.69090  -8.68678  -8.68163
  -8.67716  -8.67100  -8.65891  -8.64612  -8.62809  -8.58970  -8.54100  -8.46338
  -8.64844  -8.64844  -8.64840  -8.64833  -8.64834  -8.64847  -8.64872  -8.64862
  -8.64795  -8.64644  -8.64541  -8.64383  -8.64069  -8.63851  -8.63600  -8.63110
  -8.62603  -8.62034  -8.61101  -8.59988  -8.58315  -8.54756  -8.50329  -8.43200
  -8.59824  -8.59824  -8.59821  -8.59814  -8.59814  -8.59823  -8.59837  -8.59821
  -8.59756  -8.59616  -8.59527  -8.59393  -8.59128  -8.58947  -8.58706  -8.58274
  -8.57962  -8.57488  -8.56494  -8.55573  -8.54232  -8.51138  -8.47126  -8.40719
  -8.56702  -8.56702  -8.56708  -8.56722  -8.56731  -8.56734  -8.56714  -8.56666
  -8.56578  -8.56422  -8.56324  -8.56247  -8.56128  -8.55971  -8.55759  -8.55403
  -8.55053  -8.54625  -8.53897  -8.53124  -8.51956  -8.49346  -8.46007  -8.40531
  -8.56236  -8.56236  -8.56231  -8.56220  -8.56218  -8.56231  -8.56260  -8.56259
  -8.56207  -8.56073  -8.55978  -8.55895  -8.55757  -8.55581  -8.55396  -8.55132
  -8.54809  -8.54413  -8.53767  -8.53041  -8.51953  -8.49600  -8.46622  -8.41684
  -8.56980  -8.56979  -8.56956  -8.56892  -8.56839  -8.56798  -8.56780  -8.56789
  -8.56814  -8.56817  -8.56732  -8.56628  -8.56493  -8.56327  -8.56135  -8.55869
  -8.55617  -8.55318  -8.54783  -8.54134  -8.53139  -8.50982  -8.48267  -8.43811
  -8.58466  -8.58466  -8.58469  -8.58476  -8.58483  -8.58491  -8.58498  -8.58496
  -8.58485  -8.58442  -8.58373  -8.58274  -8.58138  -8.58069  -8.57944  -8.57645
  -8.57402  -8.57107  -8.56573  -8.56035  -8.55202  -8.53283  -8.50844  -8.46896
  -8.59920  -8.59919  -8.59914  -8.59904  -8.59906  -8.59928  -8.59971  -8.59967
  -8.59888  -8.59742  -8.59739  -8.59713  -8.59560  -8.59479  -8.59342  -8.59037
  -8.58847  -8.58646  -8.58190  -8.57586  -8.56793  -8.55220  -8.53046  -8.49387
  -8.61965  -8.61965  -8.61966  -8.61968  -8.61969  -8.61966  -8.61959  -8.61960
  -8.61972  -8.61998  -8.61999  -8.61951  -8.61810  -8.61696  -8.61616  -8.61477
  -8.61188  -8.60844  -8.60422  -8.60024  -8.59411  -8.57952  -8.56007  -8.52842
  -8.65039  -8.65039  -8.65040  -8.65041  -8.65040  -8.65036  -8.65028  -8.65029
  -8.65042  -8.64986  -8.64789  -8.64696  -8.64803  -8.64724  -8.64563  -8.64373
  -8.64231  -8.64124  -8.63873  -8.63335  -8.62685  -8.61569  -8.59918  -8.57320
  -8.67155  -8.67155  -8.67154  -8.67151  -8.67149  -8.67147  -8.67144  -8.67145
  -8.67148  -8.67011  -8.66676  -8.66556  -8.66837  -8.66785  -8.66560  -8.66316
  -8.66291  -8.66369  -8.66239  -8.65578  -8.64882  -8.64007  -8.62548  -8.60307
  -8.69416  -8.69416  -8.69414  -8.69408  -8.69404  -8.69404  -8.69407  -8.69407
  -8.69399  -8.69181  -8.68705  -8.68557  -8.69016  -8.68992  -8.68701  -8.68402
  -8.68496  -8.68765  -8.68758  -8.67970  -8.67230  -8.66603  -8.65341  -8.63469
  -8.71982  -8.71982  -8.71978  -8.71969  -8.71963  -8.71965  -8.71975  -8.71974
  -8.71953  -8.71646  -8.71018  -8.70839  -8.71492  -8.71499  -8.71136  -8.70777
  -8.71002  -8.71478  -8.71605  -8.70682  -8.69894  -8.69537  -8.68493  -8.67026
 -74.00000 -74.00000 -74.00000 -74.00000 -74.00000 -74.00000 -74.00000 -74.00000
 -74.00000 -74.00000 -74.00000 -74.00000 -74.00000 -74.00000 -74.00000 -74.00000
 -74.00000 -74.00000 -74.00000 -74.00000 -74.00000 -74.00000 -74.00000 -74.00000
 -74.00000 -74.00000 -74.00000 -74.00000 -74.00000 -74.00000 -74.00000 -74.00000
 -74.00000 -74.00000 -74.00000 -74.00000 -74.00000 -74.00000 -74.00000 -74.00000
 -74.00000 -74.00000 -74.00000 -74.00000 -74.00000 -74.00000 -74.00000 -74.00000
 -74.00000 -74.00000 -74.00000 -74.00000 -74.00000 -74.00000 -74.00000 -74.00000
 -74.00000 -74.00000 -74.00000 -74.00000 -74.00000 -74.00000 -74.00000 -74.00000
 -74.00000 -74.00000 -74.00000 -74.00000 -74.00000 -74.00000 -74.00000 -74.00000
 -74.00000 -74.00000 -74.00000 -74.00000 -74.00000 -74.00000 -74.00000 -74.00000
 -74.00000 -74.00000 -74.00000 -74.00000 -74.00000 -74.00000 -74.00000 -74.00000
 -74.00000 -74.00000 -74.00000 -74.00000 -74.00000 -74.00000 -74.00000 -74.00000
 -73.64803 -73.64805 -73.64807 -73.64814 -73.64824 -73.64840 -73.64876 -73.64918
 -73.64973 -73.65065 -73.65146 -73.65236 -73.65367 -73.65475 -73.65592 -73.65760
 -73.65895 -73.66034 -73.66225 -73.66379 -73.66544 -73.66780 -73.66967 -73.67150
 -71.96826 -71.96826 -71.96825 -71.96824 -71.96823 -71.96821 -71.96816 -71.96810
 -71.96802 -71.96790 -71.96778 -71.96766 -71.96748 -71.96733 -71.96717 -71.96693
 -71.96675 -71.96655 -71.96629 -71.96608 -71.96585 -71.96552 -71.96526 -71.96501
 -72.42406 -72.42411 -72.42423 -72.42457 -72.42506 -72.42584 -72.42757 -72.42958
 -72.43226 -72.43669 -72.44060 -72.44494 -72.45129 -72.45653 -72.46215 -72.47026
 -72.47678 -72.48350 -72.49273 -72.50017 -72.50815 -72.51956 -72.52859 -72.53744
 -65.90831 -65.90767 -65.90630 -65.90204 -65.89579 -65.88550 -65.86291 -65.83756
 -65.80532 -65.75432 -65.71052 -65.66325 -65.59612 -65.53637 -65.46749 -65.38054
 -65.31289 -65.23882 -65.13588 -65.05192 -64.95925 -64.81856 -64.68950 -64.52127
 -44.26130 -44.25672 -44.24760 -44.22204 -44.18680 -44.13527 -44.04806 -43.98074
 -43.92339 -43.86491 -43.82932 -43.79500 -43.74515 -43.71359 -43.68442 -43.61999
 -43.56206 -43.50399 -43.41279 -43.32779 -43.22295 -43.03138 -42.82179 -42.53142
 -34.81119 -34.80079 -34.78049 -34.72787 -34.66246 -34.57743 -34.45351 -34.37140
 -34.31060 -34.25749 -34.22807 -34.20134 -34.16749 -34.13695 -34.10110 -34.05448
 -34.01483 -33.96645 -33.88762 -33.81041 -33.70794 -33.50947 -33.29219 -33.00033
 -27.37195 -27.36439 -27.34969 -27.31042 -27.26015 -27.19329 -27.09366 -27.02667
 -26.97710 -26.93481 -26.91229 -26.89199 -26.86558 -26.84273 -26.81666 -26.78034
 -26.74835 -26.70970 -26.64644 -26.58271 -26.49615 -26.32581 -26.13495 -25.87442
 -21.56041 -21.55479 -21.54414 -21.51485 -21.47603 -21.42308 -21.34249 -21.28782
 -21.24778 -21.21473 -21.19769 -21.18226 -21.16233 -21.14686 -21.12989 -21.10239
 -21.07760 -21.04871 -20.99976 -20.94918 -20.87930 -20.73755 -20.57409 -20.34685
 -18.64705 -18.64242 -18.63335 -18.60849 -18.57549 -18.52995 -18.45918 -18.41026
 -18.37417 -18.34476 -18.33032 -18.31780 -18.30190 -18.28934 -18.27553 -18.25397
 -18.23427 -18.21053 -18.16955 -18.12725 -18.06821 -17.94442 -17.79882 -17.59405
 -15.69335 -15.69007 -15.68349 -15.66503 -15.63990 -15.60428 -15.54718 -15.50681
 -15.47686 -15.45269 -15.44099 -15.43119 -15.42029 -15.41140 -15.40074 -15.38497
 -15.37087 -15.35364 -15.32381 -15.29227 -15.24689 -15.14837 -15.02904 -14.85864
 -13.27758 -13.27549 -13.27127 -13.25914 -13.24206 -13.21688 -13.17447 -13.14298
 -13.11891 -13.09993 -13.09238 -13.08680 -13.07786 -13.07174 -13.06665 -13.05627
 -13.04660 -13.03592 -13.01611 -12.99428 -12.96271 -12.89376 -12.80803 -12.68330
 -12.21006 -12.20849 -12.20534 -12.19631 -12.18350 -12.16431 -12.13112 -12.10591
 -12.08632 -12.07033 -12.06320 -12.05778 -12.05159 -12.04728 -12.04280 -12.03525
 -12.02830 -12.02010 -12.00551 -11.98938 -11.96569 -11.91374 -11.84722 -11.74938
 -11.38408 -11.38296 -11.38071 -11.37437 -11.36533 -11.35148 -11.32661 -11.30697
 -11.29128 -11.27829 -11.27273 -11.26883 -11.26453 -11.26132 -11.25786 -11.25259
 -11.24779 -11.24190 -11.23140 -11.21979 -11.20270 -11.16532 -11.11729 -11.04617
 -10.71635 -10.71568 -10.71431 -10.71028 -10.70434 -10.69506 -10.67819 -10.66478
 -10.65402 -10.64487 -10.64048 -10.63710 -10.63417 -10.63186 -10.62882 -10.62485
 -10.62164 -10.61796 -10.61207 -10.60437 -10.59192 -10.56655 -10.53579 -10.49031
 -10.37032 -10.36984 -10.36887 -10.36604 -10.36187 -10.35528 -10.34293 -10.33269
 -10.32409 -10.31652 -10.31309 -10.31078 -10.30876 -10.30703 -10.30481 -10.30191
 -10.29919 -10.29575 -10.29074 -10.28516 -10.27652 -10.25854 -10.23626 -10.20316
 -10.01106 -10.01076 -10.01017 -10.00850 -10.00606 -10.00212  -9.99436  -9.98751
  -9.98148  -9.97638  -9.97489  -9.97408  -9.97048  -9.96863  -9.96848  -9.96562
  -9.96364  -9.96319  -9.96049  -9.95538  -9.94841  -9.93892  -9.92587  -9.90426
  -9.71166  -9.71154  -9.71129  -9.71045  -9.70910  -9.70689  -9.70270  -9.69925
  -9.69632  -9.69325  -9.69098  -9.68886  -9.68802  -9.68815  -9.68793  -9.68654
  -9.68483  -9.68290  -9.68034  -9.67794  -9.67458  -9.66776  -9.65996  -9.64921
  -9.57971  -9.57961  -9.57942  -9.57889  -9.57811  -9.57680  -9.57403  -9.57140
  -9.56895  -9.56681  -9.56629  -9.56608  -9.56430  -9.56335  -9.56339  -9.56226
  -9.56119  -9.56027  -9.55742  -9.55548  -9.55403  -9.54910  -9.54340  -9.53615
  -9.48179  -9.48174  -9.48162  -9.48131  -9.48083  -9.48002  -9.47829  -9.47660
  -9.47497  -9.47345  -9.47301  -9.47278  -9.47149  -9.47085  -9.47090  -9.47003
  -9.46914  -9.46835  -9.46622  -9.46478  -9.46368  -9.46017  -9.45605  -9.45103
  -9.41072  -9.41069  -9.41062  -9.41045  -9.41019  -9.40974  -9.40873  -9.40773
  -9.40674  -9.40578  -9.40547  -9.40526  -9.40425  -9.40377  -9.40384  -9.40313
  -9.40240  -9.40172  -9.39993  -9.39880  -9.39798  -9.39512  -9.39257  -9.38991
  -9.37955  -9.37953  -9.37949  -9.37938  -9.37921  -9.37890  -9.37824  -9.37758
  -9.37692  -9.37623  -9.37591  -9.37575  -9.37558  -9.37524  -9.37465  -9.37380
  -9.37312  -9.37243  -9.37163  -9.37068  -9.36926  -9.36714  -9.36551  -9.36340
  -9.35654  -9.35653  -9.35651  -9.35646  -9.35636  -9.35619  -9.35583  -9.35546
  -9.35509  -9.35466  -9.35442  -9.35430  -9.35439  -9.35406  -9.35334  -9.35309
  -9.35293  -9.35224  -9.35077  -9.34983  -9.34914  -9.34759  -9.34607  -9.34440
  -9.35493  -9.35493  -9.35492  -9.35490  -9.35486  -9.35479  -9.35463  -9.35446
  -9.35428  -9.35406  -9.35392  -9.35386  -9.35393  -9.35369  -9.35316  -9.35293
  -9.35259  -9.35191  -9.35143  -9.35063  -9.34929  -9.34850  -9.34780  -9.34631
  -9.36538  -9.36538  -9.36538  -9.36536  -9.36534  -9.36531  -9.36522  -9.36512
  -9.36500  -9.36487  -9.36481  -9.36477  -9.36467  -9.36481  -9.36500  -9.36427
  -9.36347  -9.36286  -9.36197  -9.36141  -9.36102  -9.36031  -9.35937  -9.35798
  -9.37996  -9.37996  -9.37995  -9.37995  -9.37994  -9.37993  -9.37988  -9.37981
  -9.37972  -9.37964  -9.37966  -9.37965  -9.37933  -9.37991  -9.38092  -9.37963
  -9.37831  -9.37778  -9.37630  -9.37600  -9.37681  -9.37612  -9.37480  -9.37349
  -9.39915  -9.39914  -9.39914  -9.39913  -9.39914  -9.39914  -9.39912  -9.39906
  -9.39898  -9.39893  -9.39903  -9.39903  -9.39848  -9.39954  -9.40149  -9.39956
  -9.39765  -9.39722  -9.39505  -9.39506  -9.39723  -9.39655  -9.39477  -9.39354
 -74.00000 -74.00000 -74.00000 -74.00000 -74.00000 -74.00000 -74.00000 -74.00000
 -74.00000 -74.00000 -74.00000 -74.00000 -74.00000 -74.00000 -74.00000 -74.00000
 -74.00000 -74.00000 -74.00000 -74.00000 -74.00000 -74.00000 -74.00000 -74.00000
 -74.00000 -74.00000 -74.00000 -74.00000 -74.00000 -74.00000 -74.00000 -74.00000
 -74.00000 -74.00000 -74.00000 -74.00000 -74.00000 -74.00000 -74.00000 -74.00000
 -74.00000 -74.00000 -74.00000 -74.00000 -74.00000 -74.00000 -74.00000 -74.00000
 -74.00000 -74.00000 -74.00000 -74.00000 -74.00000 -74.00000 -74.00000 -74.00000
 -74.00000 -74.00000 -74.00000 -74.00000 -74.00000 -74.00000 -74.00000 -74.00000
 -74.00000 -74.00000 -74.00000 -74.00000 -74.00000 -74.00000 -74.00000 -74.00000
 -74.00000 -74.00000 -74.00000 -74.00000 -74.00000 -74.00000 -74.00000 -74.00000
 -74.00000 -74.00000 -74.00000 -74.00000 -74.00000 -74.00000 -74.00000 -74.00000
 -74.00000 -74.00000 -74.00000 -74.00000 -74.00000 -74.00000 -74.00000 -74.00000
 -74.00000 -74.00000 -74.00000 -74.00000 -74.00000 -74.00000 -74.00000 -74.00000
 -74.00000 -74.00000 -74.00000 -74.00000 -74.00000 -74.00000 -74.00000 -74.00000
 -74.00000 -74.00000 -74.00000 -74.00000 -74.00000 -74.00000 -74.00000 -74.00000
 -72.60455 -72.60455 -72.60456 -72.60457 -72.60458 -72.60460 -72.60465 -72.60472
 -72.60483 -72.60505 -72.60528 -72.60556 -72.60598 -72.60634 -72.60673 -72.60727
 -72.60772 -72.60822 -72.60892 -72.60948 -72.61010 -72.61099 -72.61171 -72.61250
 -71.35765 -71.35765 -71.35763 -71.35761 -71.35756 -71.35749 -71.35732 -71.35709
 -71.35674 -71.35601 -71.35526 -71.35437 -71.35299 -71.35182 -71.35055 -71.34878
 -71.34731 -71.34569 -71.34340 -71.34156 -71.33956 -71.33666 -71.33428 -71.33173
 -72.54332 -72.54334 -72.54336 -72.54341 -72.54349 -72.54363 -72.54395 -72.54437
 -72.54503 -72.54638 -72.54777 -72.54944 -72.55200 -72.55418 -72.55654 -72.55983
 -72.56256 -72.56558 -72.56983 -72.57326 -72.57698 -72.58237 -72.58679 -72.59153
 -53.19500 -53.19478 -53.19448 -53.19392 -53.19277 -53.19013 -53.18300 -53.17343
 -53.15881 -53.12969 -53.09989 -53.06376 -53.00696 -52.95796 -52.90479 -52.82975
 -52.76784 -52.69997 -52.60336 -52.52479 -52.44007 -52.31724 -52.21577 -52.10630
 -40.91482 -40.91482 -40.91492 -40.91525 -40.91511 -40.91389 -40.90942 -40.90313
 -40.89377 -40.87584 -40.85738 -40.83412 -40.79531 -40.76093 -40.72341 -40.66850
 -40.62296 -40.57396 -40.50288 -40.44377 -40.37984 -40.28790 -40.21134 -40.12740
 -31.74565 -31.74570 -31.74564 -31.74525 -31.74458 -31.74342 -31.74085 -31.73730
 -31.73135 -31.71827 -31.70387 -31.68547 -31.65491 -31.62784 -31.59795 -31.55318
 -31.51519 -31.47392 -31.41448 -31.36385 -31.30727 -31.22725 -31.16151 -31.08894
 -24.56403 -24.56407 -24.56404 -24.56380 -24.56340 -24.56273 -24.56127 -24.55918
 -24.55551 -24.54717 -24.53784 -24.52581 -24.50561 -24.48675 -24.46475 -24.43202
 -24.40509 -24.37587 -24.33078 -24.29157 -24.24861 -24.18551 -24.13310 -24.07654
 -20.95765 -20.95770 -20.95770 -20.95755 -20.95725 -20.95675 -20.95568 -20.95419
 -20.95163 -20.94587 -20.93928 -20.93045 -20.91493 -20.90037 -20.88372 -20.85883
 -20.83740 -20.81312 -20.77622 -20.74423 -20.70853 -20.65625 -20.61261 -20.56483
 -17.33171 -17.33151 -17.33135 -17.33134 -17.33141 -17.33136 -17.33082 -17.32981
 -17.32803 -17.32413 -17.31976 -17.31395 -17.30376 -17.29391 -17.28224 -17.26462
 -17.24848 -17.22929 -17.20247 -17.18059 -17.15512 -17.11350 -17.07822 -17.04154
 -14.39760 -14.39760 -14.39762 -14.39771 -14.39777 -14.39772 -14.39734 -14.39679
 -14.39602 -14.39462 -14.39273 -14.38940 -14.38190 -14.37507 -14.36815 -14.35656
 -14.34593 -14.33427 -14.31620 -14.30020 -14.28210 -14.25437 -14.23044 -14.20395
 -13.12210 -13.12209 -13.12208 -13.12209 -13.12210 -13.12210 -13.12206 -13.12185
 -13.12131 -13.11978 -13.11794 -13.11551 -13.11133 -13.10683 -13.10089 -13.09215
 -13.08475 -13.07595 -13.06166 -13.04940 -13.03599 -13.01398 -12.99449 -12.97339
 -12.15147 -12.15148 -12.15148 -12.15148 -12.15147 -12.15147 -12.15146 -12.15133
 -12.15091 -12.14967 -12.14821 -12.14640 -12.14351 -12.14038 -12.13610 -12.12984
 -12.12436 -12.11756 -12.10682 -12.09749 -12.08695 -12.07024 -12.05539 -12.03872
 -11.38211 -11.38210 -11.38211 -11.38214 -11.38216 -11.38214 -11.38201 -11.38178
 -11.38139 -11.38057 -11.37970 -11.37864 -11.37689 -11.37463 -11.37132 -11.36702
 -11.36322 -11.35802 -11.35020 -11.34357 -11.33576 -11.32305 -11.31177 -11.29916
 -10.98736 -10.98735 -10.98736 -10.98741 -10.98744 -10.98742 -10.98723 -10.98706
 -10.98705 -10.98748 -10.98777 -10.98739 -10.98512 -10.98295 -10.98101 -10.97641
 -10.97199 -10.96803 -10.96267 -10.95790 -10.95212 -10.94236 -10.93326 -10.92266
 -10.58581 -10.58581 -10.58581 -10.58579 -10.58578 -10.58579 -10.58586 -10.58592
 -10.58592 -10.58572 -10.58537 -10.58480 -10.58365 -10.58229 -10.58050 -10.57798
 -10.57545 -10.57189 -10.56678 -10.56296 -10.55881 -10.55132 -10.54417 -10.53604
 -10.25578 -10.25578 -10.25578 -10.25583 -10.25586 -10.25584 -10.25566 -10.25543
 -10.25519 -10.25493 -10.25475 -10.25452 -10.25399 -10.25312 -10.25175 -10.24988
 -10.24814 -10.24583 -10.24268 -10.23997 -10.23644 -10.23062 -10.22547 -10.21958
 -10.11217 -10.11218 -10.11217 -10.11216 -10.11215 -10.11216 -10.11221 -10.11228
 -10.11232 -10.11231 -10.11219 -10.11192 -10.11126 -10.11045 -10.10942 -10.10807
 -10.10671 -10.10475 -10.10200 -10.09968 -10.09683 -10.09225 -10.08798 -10.08280
 -10.00697 -10.00697 -10.00697 -10.00698 -10.00699 -10.00699 -10.00694 -10.00691
 -10.00691 -10.00701 -10.00704 -10.00680 -10.00585 -10.00504 -10.00447 -10.00340
 -10.00216 -10.00062  -9.99810  -9.99584  -9.99336  -9.98978  -9.98593  -9.98069
  -9.92629  -9.92628  -9.92629  -9.92634  -9.92638  -9.92635  -9.92615  -9.92600
  -9.92610  -9.92686  -9.92739  -9.92702  -9.92418  -9.92228  -9.92237  -9.92300
  -9.92230  -9.92028  -9.91705  -9.91476  -9.91269  -9.91013  -9.90734  -9.90327
  -9.88332  -9.88332  -9.88332  -9.88332  -9.88332  -9.88332  -9.88331  -9.88331
  -9.88331  -9.88335  -9.88338  -9.88336  -9.88315  -9.88215  -9.88050  -9.88019
  -9.87978  -9.87761  -9.87630  -9.87575  -9.87383  -9.87123  -9.86883  -9.86522
  -9.83883  -9.83883  -9.83883  -9.83881  -9.83881  -9.83881  -9.83886  -9.83889
  -9.83887  -9.83869  -9.83856  -9.83865  -9.83921  -9.83852  -9.83639  -9.83568
  -9.83539  -9.83345  -9.83272  -9.83257  -9.83081  -9.82846  -9.82626  -9.82278
  -9.79678  -9.79678  -9.79678  -9.79678  -9.79678  -9.79678  -9.79678  -9.79679
  -9.79678  -9.79677  -9.79677  -9.79680  -9.79692  -9.79679  -9.79644  -9.79653
  -9.79615  -9.79477  -9.79397  -9.79343  -9.79178  -9.78980  -9.78854  -9.78681
  -9.77892  -9.77893  -9.77892  -9.77890  -9.77889  -9.77890  -9.77897  -9.77902
  -9.77899  -9.77871  -9.77845  -9.77836  -9.77869  -9.77814  -9.77641  -9.77536
  -9.77590  -9.77643  -9.77482  -9.77259  -9.77118  -9.77139  -9.77054  -9.76727
  -9.76105  -9.76106  -9.76105  -9.76099  -9.76094  -9.76097  -9.76121  -9.76138
  -9.76126  -9.76033  -9.75924  -9.75825  -9.75775  -9.75807  -9.75865  -9.75886
  -9.75888  -9.75893  -9.75724  -9.75636  -9.75704  -9.75531  -9.75334  -9.75277
  -9.74354  -9.74356  -9.74355  -9.74343  -9.74335  -9.74341  -9.74384  -9.74415
  -9.74394  -9.74221  -9.74009  -9.73797  -9.73637  -9.73787  -9.74170  -9.74374
  -9.74292  -9.74203  -9.74037  -9.74153  -9.74486  -9.74025  -9.73677  -9.73997
C-------------------------------------------------------------------------------
C
C     RATE COEFFICIENTS IN UNITS OF CM**3 S-1 
C     --------------------------------------- 
C
C     INPUT DATA
C         FOR YEAR: 96 AND WITH PREFIX: pj
C         FOR c  RECOMBINING ION CHARGE(S)  1 TO  6
C
C     CODE     : ADAS404
C     PRODUCER : Martin O'Mullane              
C     DATE     : 04/11/99
C
C-------------------------------------------------------------------------------
 
C---------------------------------------------------------------------------------
C ADAS ADF11 DATA - SCCS info: @(#)$Header: /home/adascvs/adas/adf11/scd96/scd96_c.dat,v 2.1 2004/07/07 00:12:41 whitefor Exp $ Date $Date: 2004/07/07 00:12:41 $
C---------------------------------------------------------------------------------

C-----------------------------------------------------------------------
C                               OPEN-ADAS
C                               +++++++++
C
C This file has been downloaded from OPEN-ADAS (http://open.adas.ac.uk)
C on 23-Apr-2020.
C
C TERMS AND CONDITIONS
C --------------------
C
C The user of the OPEN-ADAS system and data (hereinafter "the User")
C accepts the following terms and conditions:
C
C   1. The University of Strathclyde uses all reasonable endeavours to
C      ensure the accuracy of the data provided and any information
C      given, but the University makes no warranty, expressed or implied
C      as to its accuracy, integrity, fitness for purpose and shall not
C      be responsible for the use to which the data is put by the User
C      and/or any consequences arising out of any inaccuracies or
C      omissions.
C
C   2. Any downloaded OPEN-ADAS file is made available for the
C      personal use of the User only.  It must not be used for any
C      commercial application, incorporated into any web site or in
C      any form re-distributed without express prior written permission
C      from the ADAS Project. In particular, but not by way of
C      limitation, it must not be:
C        *  inserted into a managed database structure,
C        *  redistributed along with a modelling or analysis code,
C        *  made available on a public website.
C
C Permission for OPEN-ADAS data incorporation in non-commercial
C code/system development for scientific advance will not be
C unreasonably withheld, but will be subject to written agreement
C on a case by case basis.
C
C The User will indemnify the University of Strathclyde and keep it
C fully and effectively indemnified against each and every claim made
C against the University as a result of the User's use of the data.
C
C-----------------------------------------------------------------------
