    4   24   25
   4.00000   4.47712   5.00000   5.47712   6.00000   6.47712   7.00000   7.47712
   8.00000   8.47712   9.00000   9.47712  10.00000  10.47712  11.00000  11.47712
  12.00000  12.47712  13.00000  13.47712  14.00000  14.47712  15.00000  15.47712
  -0.69877  -0.52268  -0.30083  -0.15470   0.07938   0.30123   0.47732   0.65341
   0.84530   1.04159   1.25547   1.44736   1.65341   1.84530   2.00020   2.23065
   2.43157   2.63367   2.82628   3.02139   3.21690   3.39814   3.60766   3.79954
   4.00020
 -27.90890 -27.53810 -27.09101 -26.70306 -26.37005 -26.19451 -26.11166 -26.08535
 -26.07503 -26.07126 -26.07090 -26.06937 -26.06515 -26.05255 -26.00141 -25.87648
 -25.62344 -25.29433 -24.85551 -24.43927 -24.03377 -23.71007 -23.39493 -23.11461
 -21.27332 -21.01420 -20.63162 -20.26594 -19.93977 -19.76451 -19.68088 -19.65357
 -19.64415 -19.64085 -19.63965 -19.63789 -19.63295 -19.60947 -19.52599 -19.36384
 -19.10642 -18.79963 -18.39490 -18.02830 -17.68012 -17.39117 -17.10219 -16.84403
 -15.81498 -15.66052 -15.37079 -15.04499 -14.73204 -14.55835 -14.47275 -14.44481
 -14.43433 -14.43156 -14.42941 -14.42873 -14.42161 -14.39573 -14.31004 -14.15874
 -13.93253 -13.67229 -13.34514 -13.06419 -12.79727 -12.56527 -12.33492 -12.13016
 -13.44082 -13.33091 -13.09879 -12.81006 -12.51916 -12.35496 -12.27474 -12.24855
 -12.23844 -12.23570 -12.23450 -12.23242 -12.22673 -12.20455 -12.13061 -12.00283
 -11.81040 -11.58952 -11.31814 -11.09131 -10.87212 -10.68290 -10.50107 -10.34072
 -10.91961 -10.85378 -10.69938 -10.48616 -10.26499 -10.14434 -10.08838 -10.07002
 -10.06334 -10.05973 -10.05892 -10.05629 -10.05061 -10.03614  -9.98726  -9.90010
  -9.76395  -9.60312  -9.40248  -9.23555  -9.06969  -8.93242  -8.80224  -8.68671
  -9.45904  -9.42092  -9.32373  -9.17989  -9.03028  -8.95231  -8.91656  -8.90520
  -8.90012  -8.89865  -8.89492  -8.89331  -8.88822  -8.87520  -8.84188  -8.78395
  -8.69297  -8.58031  -8.43947  -8.31522  -8.18903  -8.08711  -7.98664  -7.89470
  -8.69953  -8.67501  -8.61199  -8.51480  -8.40903  -8.35355  -8.32909  -8.31944
  -8.31483  -8.31302  -8.31154  -8.30783  -8.30325  -8.29169  -8.26532  -8.22281
  -8.15256  -8.06746  -7.96043  -7.86019  -7.75821  -7.67033  -7.57921  -7.49359
  -8.17199  -8.15700  -8.11681  -8.05237  -7.97941  -7.93991  -7.92235  -7.91649
  -7.91162  -7.91025  -7.90710  -7.90452  -7.90031  -7.89002  -7.86750  -7.83414
  -7.77933  -7.71251  -7.62448  -7.54050  -7.44987  -7.36574  -7.27457  -7.18719
  -7.77809  -7.76897  -7.74510  -7.70595  -7.65757  -7.62902  -7.61727  -7.61282
  -7.60945  -7.60750  -7.60620  -7.60351  -7.59936  -7.59075  -7.57327  -7.54428
  -7.50015  -7.44484  -7.36810  -7.29268  -7.20572  -7.11626  -7.01851  -6.92650
  -7.50899  -7.50359  -7.48921  -7.46527  -7.43477  -7.41672  -7.40902  -7.40534
  -7.40356  -7.40235  -7.40043  -7.39906  -7.39566  -7.38842  -7.37262  -7.34732
  -7.30900  -7.25953  -7.18819  -7.11641  -7.02812  -6.93143  -6.82769  -6.73211
  -7.32374  -7.32066  -7.31213  -7.29775  -7.27979  -7.26986  -7.26441  -7.26221
  -7.26093  -7.25980  -7.25896  -7.25795  -7.25532  -7.25013  -7.23584  -7.21318
  -7.17855  -7.13354  -7.06720  -6.99651  -6.90509  -6.79983  -6.69083  -6.59301
  -7.22610  -7.22425  -7.21883  -7.20953  -7.19792  -7.19158  -7.18809  -7.18706
  -7.18570  -7.18545  -7.18474  -7.18433  -7.18268  -7.17830  -7.16547  -7.14527
  -7.11377  -7.07288  -7.01079  -6.94119  -6.84769  -6.73629  -6.62212  -6.52077
  -7.17214  -7.17088  -7.16752  -7.16195  -7.15490  -7.15103  -7.14864  -7.14755
  -7.14688  -7.14666  -7.14586  -7.14564  -7.14507  -7.14162  -7.13138  -7.11354
  -7.08560  -7.04941  -6.99161  -6.92470  -6.82859  -6.70986  -6.58969  -6.48395
  -7.15897  -7.15797  -7.15548  -7.15154  -7.14655  -7.14381  -7.14262  -7.14171
  -7.14110  -7.14072  -7.14072  -7.14070  -7.14031  -7.13793  -7.12920  -7.11355
  -7.08877  -7.05624  -7.00313  -6.93696  -6.83878  -6.71698  -6.58936  -6.47597
  -7.16885  -7.16835  -7.16670  -7.16364  -7.15964  -7.15748  -7.15645  -7.15547
  -7.15488  -7.15480  -7.15469  -7.15501  -7.15471  -7.15280  -7.14546  -7.13134
  -7.10916  -7.07885  -7.02903  -6.96474  -6.86423  -6.73939  -6.60723  -6.48948
  -7.20693  -7.20654  -7.20544  -7.20349  -7.20076  -7.19912  -7.19830  -7.19805
  -7.19736  -7.19689  -7.19677  -7.19718  -7.19735  -7.19565  -7.19003  -7.17827
  -7.15840  -7.13226  -7.08687  -7.02555  -6.92517  -6.79402  -6.65090  -6.52262
  -7.24971  -7.24943  -7.24860  -7.24703  -7.24488  -7.24348  -7.24194  -7.24169
  -7.24176  -7.24119  -7.24088  -7.24115  -7.24108  -7.24084  -7.23626  -7.22643
  -7.20906  -7.18491  -7.14409  -7.08479  -6.98349  -6.84984  -6.69974  -6.56414
  -7.29624  -7.29603  -7.29537  -7.29412  -7.29248  -7.29126  -7.28873  -7.28809
  -7.28920  -7.28897  -7.28803  -7.28823  -7.28742  -7.28916  -7.28541  -7.27765
  -7.26302  -7.24052  -7.20458  -7.14780  -7.04426  -6.90971  -6.75291  -6.60961
  -7.34252  -7.34236  -7.34182  -7.34079  -7.33957  -7.33851  -7.33500  -7.33400
  -7.33611  -7.33622  -7.33470  -7.33481  -7.33329  -7.33686  -7.33389  -7.32811
  -7.31610  -7.29523  -7.26400  -7.20965  -7.10404  -6.96872  -6.80560  -6.65501
  -7.39062  -7.39050  -7.39005  -7.38920  -7.38835  -7.38743  -7.38291  -7.38154
  -7.38467  -7.38514  -7.38302  -7.38304  -7.38082  -7.38621  -7.38403  -7.38026
  -7.37091  -7.35174  -7.32530  -7.27345  -7.16576  -7.02971  -6.86024  -6.70230
  -7.43961  -7.43951  -7.43913  -7.43841  -7.43789  -7.43711  -7.43155  -7.42980
  -7.43396  -7.43480  -7.43208  -7.43202  -7.42910  -7.43631  -7.43494  -7.43320
  -7.42652  -7.40905  -7.38743  -7.33810  -7.22835  -7.09161  -6.91580  -6.75051
  -7.48548  -7.48540  -7.48506  -7.48444  -7.48418  -7.48351  -7.47697  -7.47488
  -7.48000  -7.48118  -7.47792  -7.47777  -7.47422  -7.48313  -7.48251  -7.48266
  -7.47847  -7.46258  -7.44543  -7.39845  -7.28681  -7.14945  -6.96778  -6.79569
  -7.53885  -7.53878  -7.53848  -7.53794  -7.53796  -7.53739  -7.52972  -7.52722
  -7.53345  -7.53504  -7.53115  -7.53092  -7.52665  -7.53754  -7.53780  -7.54014
  -7.53883  -7.52476  -7.51279  -7.46853  -7.35472  -7.21664  -7.02821  -6.84827
  -7.58794  -7.58788  -7.58759  -7.58711  -7.58735  -7.58687  -7.57815  -7.57528
  -7.58253  -7.58449  -7.58003  -7.57972  -7.57481  -7.58753  -7.58861  -7.59296
  -7.59429  -7.58190  -7.57467  -7.53290  -7.41712  -7.27839  -7.08377  -6.89664
  -7.63941  -7.63935  -7.63907  -7.63863  -7.63908  -7.63868  -7.62886  -7.62559
  -7.63392  -7.63627  -7.63122  -7.63084  -7.62527  -7.63991  -7.64186  -7.64832
  -7.65241  -7.64177  -7.63950  -7.60034  -7.48249  -7.34309  -7.14201  -6.94736
 -45.55258 -44.99371 -44.52150 -44.09194 -43.61169 -43.20760 -42.80550 -42.45889
 -42.09217 -41.77388 -41.44860 -41.17848 -40.91227 -40.69585 -40.47544 -40.28145
 -40.06594 -39.85466 -39.59752 -39.34894 -39.10004 -38.90134 -38.66645 -38.39324
 -34.58272 -34.11099 -33.61338 -33.16365 -32.69165 -32.30595 -31.94028 -31.65538
 -31.38876 -31.17805 -30.96953 -30.79110 -30.60101 -30.42701 -30.22653 -30.02885
 -29.78911 -29.54199 -29.24899 -28.99243 -28.78350 -28.68117 -28.61978 -28.57194
 -24.68697 -24.62229 -24.46812 -24.21058 -23.83574 -23.47366 -23.10074 -22.80762
 -22.53703 -22.32307 -22.11442 -21.93848 -21.75297 -21.58788 -21.40732 -21.23858
 -21.04221 -20.84814 -20.62687 -20.44090 -20.29227 -20.17587 -19.94160 -19.67766
 -19.97358 -19.96905 -19.94745 -19.89229 -19.76224 -19.55610 -19.27114 -19.01340
 -18.75782 -18.55216 -18.34878 -18.17740 -17.99866 -17.84058 -17.66944 -17.51197
 -17.33198 -17.15990 -16.96952 -16.81548 -16.67908 -16.49461 -16.08139 -15.68088
 -15.00557 -15.00576 -15.00413 -14.99954 -14.98571 -14.95793 -14.89633 -14.79871
 -14.65860 -14.52147 -14.36980 -14.23029 -14.07849 -13.93849 -13.78623 -13.64578
 -13.48773 -13.34152 -13.18351 -13.05205 -12.89887 -12.60189 -12.06607 -11.60492
 -12.21918 -12.21927 -12.21935 -12.21876 -12.21590 -12.20933 -12.19281 -12.16403
 -12.11606 -12.05785 -11.97932 -11.89666 -11.79485 -11.69224 -11.57301 -11.45724
 -11.32513 -11.20094 -11.06389 -10.94182 -10.75857 -10.42472  -9.90157  -9.48046
 -10.78733 -10.78738 -10.78733 -10.78701 -10.78602 -10.78397 -10.77807 -10.76650
 -10.74486 -10.71570 -10.67484 -10.62777 -10.56420 -10.49526 -10.40876 -10.31993
 -10.21509 -10.10886  -9.98942  -9.87360  -9.68117  -9.35296  -8.86978  -8.49628
  -9.80655  -9.80658  -9.80665  -9.80671  -9.80651  -9.80570  -9.80296  -9.79745
  -9.78676  -9.77164  -9.74845  -9.72143  -9.68308  -9.63889  -9.58020  -9.51642
  -9.43587  -9.35106  -9.25070  -9.14387  -8.95615  -8.64782  -8.20613  -7.88235
  -9.08995  -9.08971  -9.08939  -9.08935  -9.08937  -9.08903  -9.08760  -9.08470
  -9.07891  -9.07043  -9.05716  -9.04112  -9.01735  -8.98904  -8.94850  -8.90503
  -8.84462  -8.78202  -8.69903  -8.60456  -8.43264  -8.15020  -7.75058  -7.46799
  -8.60666  -8.60666  -8.60671  -8.60682  -8.60679  -8.60631  -8.60516  -8.60347
  -8.60023  -8.59511  -8.58629  -8.57522  -8.56051  -8.54051  -8.51334  -8.48156
  -8.43642  -8.38603  -8.31978  -8.23813  -8.08360  -7.82457  -7.46222  -7.21326
  -8.26779  -8.26777  -8.26777  -8.26780  -8.26779  -8.26761  -8.26713  -8.26630
  -8.26429  -8.26065  -8.25440  -8.24714  -8.23644  -8.22309  -8.20322  -8.17894
  -8.14471  -8.10503  -8.05063  -7.98053  -7.84342  -7.60662  -7.27338  -7.05118
  -8.07913  -8.07913  -8.07913  -8.07915  -8.07914  -8.07903  -8.07868  -8.07802
  -8.07650  -8.07387  -8.06933  -8.06426  -8.05509  -8.04432  -8.02886  -8.00940
  -7.98123  -7.94810  -7.90040  -7.83643  -7.71248  -7.49309  -7.18164  -6.97511
  -7.95989  -7.95991  -7.95990  -7.95983  -7.95985  -7.96012  -7.95997  -7.95861
  -7.95671  -7.95586  -7.95305  -7.94570  -7.94006  -7.93275  -7.91756  -7.90144
  -7.87902  -7.84917  -7.80573  -7.74998  -7.63526  -7.42949  -7.13126  -6.93334
  -7.90022  -7.90025  -7.90024  -7.90014  -7.90016  -7.90055  -7.90043  -7.89875
  -7.89685  -7.89691  -7.89405  -7.89076  -7.88409  -7.87655  -7.86646  -7.84943
  -7.82877  -7.80142  -7.76451  -7.71229  -7.60411  -7.41080  -7.12220  -6.92848
  -7.87952  -7.87954  -7.87954  -7.87943  -7.87946  -7.87985  -7.87975  -7.87808
  -7.87621  -7.87636  -7.87371  -7.87045  -7.86410  -7.85714  -7.84725  -7.83356
  -7.81407  -7.79010  -7.75236  -7.70429  -7.60352  -7.41850  -7.13545  -6.94100
  -7.88076  -7.88075  -7.88075  -7.88079  -7.88078  -7.88062  -7.88066  -7.88124
  -7.88104  -7.87835  -7.87435  -7.87431  -7.86889  -7.86181  -7.85157  -7.84116
  -7.82220  -7.80016  -7.76698  -7.72025  -7.62753  -7.45706  -7.18057  -6.98028
  -7.90442  -7.90442  -7.90442  -7.90443  -7.90443  -7.90438  -7.90439  -7.90451
  -7.90360  -7.90107  -7.90132  -7.89845  -7.89224  -7.88772  -7.87872  -7.86744
  -7.85165  -7.82904  -7.79687  -7.75371  -7.66810  -7.50943  -7.23964  -7.03412
  -7.94339  -7.94341  -7.94340  -7.94335  -7.94336  -7.94356  -7.94351  -7.94266
  -7.94143  -7.94092  -7.94030  -7.93760  -7.93397  -7.92820  -7.91909  -7.90948
  -7.89470  -7.87390  -7.84223  -7.80293  -7.72313  -7.57605  -7.31124  -7.09431
  -7.99103  -7.99103  -7.99103  -7.99103  -7.99103  -7.99103  -7.99103  -7.99103
  -7.99078  -7.99001  -7.98847  -7.98613  -7.98249  -7.97798  -7.97008  -7.96116
  -7.94596  -7.92738  -7.89775  -7.85807  -7.78513  -7.64885  -7.39077  -7.16396
  -8.04522  -8.04522  -8.04522  -8.04523  -8.04523  -8.04522  -8.04522  -8.04522
  -8.04490  -8.04402  -8.04274  -8.04058  -8.03748  -8.03325  -8.02637  -8.01764
  -8.00340  -7.98543  -7.95675  -7.92145  -7.85267  -7.72941  -7.48129  -7.24410
  -8.09996  -8.09996  -8.09996  -8.09998  -8.09997  -8.09989  -8.09991  -8.10020
  -8.10003  -8.09864  -8.09752  -8.09562  -8.09256  -8.08901  -8.08263  -8.07456
  -8.06146  -8.04476  -8.01667  -7.98724  -7.92185  -7.81186  -7.57400  -7.32569
  -8.14993  -8.14992  -8.14992  -8.14996  -8.14995  -8.14981  -8.14984  -8.15038
  -8.15033  -8.14852  -8.14753  -8.14588  -8.14275  -8.13969  -8.13440  -8.12695
  -8.11503  -8.09992  -8.07249  -8.04841  -7.98647  -7.88861  -7.66049  -7.40231
  -8.20603  -8.20601  -8.20602  -8.20607  -8.20606  -8.20585  -8.20591  -8.20669
  -8.20677  -8.20453  -8.20369  -8.20231  -8.19897  -8.19628  -8.19310  -8.18637
  -8.17596  -8.16322  -8.13670  -8.11871  -8.06113  -7.97711  -7.76059  -7.49159
  -8.25530  -8.25528  -8.25528  -8.25535  -8.25533  -8.25508  -8.25514  -8.25613
  -8.25631  -8.25374  -8.25302  -8.25189  -8.24823  -8.24567  -8.24527  -8.23921
  -8.23035  -8.22029  -8.19476  -8.18224  -8.12905  -8.05754  -7.85202  -7.57374
  -8.30421  -8.30419  -8.30419  -8.30427  -8.30425  -8.30395  -8.30403  -8.30519
  -8.30546  -8.30261  -8.30201  -8.30112  -8.29698  -8.29433  -8.29778  -8.29242
  -8.28537  -8.27867  -8.25436  -8.24745  -8.19926  -8.14066  -7.94710  -7.65983
 -74.00000 -74.00000 -74.00000 -74.00000 -74.00000 -74.00000 -74.00000 -74.00000
 -74.00000 -74.00000 -74.00000 -74.00000 -74.00000 -74.00000 -74.00000 -74.00000
 -74.00000 -74.00000 -74.00000 -74.00000 -74.00000 -74.00000 -74.00000 -74.00000
 -74.00000 -74.00000 -74.00000 -74.00000 -74.00000 -74.00000 -74.00000 -74.00000
 -74.00000 -74.00000 -74.00000 -74.00000 -74.00000 -74.00000 -74.00000 -74.00000
 -74.00000 -74.00000 -74.00000 -74.00000 -74.00000 -74.00000 -74.00000 -74.00000
 -71.52177 -71.52177 -71.52177 -71.52177 -71.52177 -71.52177 -71.52177 -71.52177
 -71.52177 -71.52178 -71.52179 -71.52179 -71.52179 -71.52180 -71.52182 -71.52184
 -71.52188 -71.52192 -71.52206 -71.52225 -71.52354 -71.52574 -71.53330 -71.52948
 -72.21192 -72.21192 -72.21192 -72.21192 -72.21192 -72.21192 -72.21192 -72.21192
 -72.21189 -72.21187 -72.21185 -72.21185 -72.21185 -72.21179 -72.21171 -72.21165
 -72.21151 -72.21134 -72.21083 -72.20998 -72.20573 -72.19522 -72.17595 -72.15774
 -63.76323 -63.76292 -63.75822 -63.75456 -63.75464 -63.75437 -63.74726 -63.72709
 -63.68167 -63.61203 -63.50477 -63.39056 -63.25750 -63.13261 -62.99164 -62.85498
 -62.69903 -62.54688 -62.36558 -62.19005 -61.98191 -61.74713 -61.39178 -60.96003
 -41.89327 -41.89195 -41.87224 -41.85700 -41.85932 -41.86468 -41.86311 -41.85701
 -41.84514 -41.82373 -41.78458 -41.73601 -41.67125 -41.60114 -41.51341 -41.42545
 -41.31518 -41.20526 -41.07441 -40.95283 -40.81318 -40.64225 -40.33869 -39.93199
 -30.79253 -30.79315 -30.80218 -30.80895 -30.80753 -30.80462 -30.80384 -30.80226
 -30.79572 -30.78242 -30.75782 -30.72643 -30.68227 -30.63288 -30.56936 -30.50160
 -30.41558 -30.32829 -30.22323 -30.12530 -30.01503 -29.87930 -29.63272 -29.29635
 -23.49599 -23.49591 -23.49462 -23.49350 -23.49331 -23.49331 -23.49279 -23.49168
 -23.48874 -23.48215 -23.46877 -23.45062 -23.42449 -23.39447 -23.35308 -23.30701
 -23.24704 -23.18458 -23.10665 -23.02932 -22.94041 -22.82870 -22.62097 -22.33512
 -18.19557 -18.19558 -18.19563 -18.19569 -18.19573 -18.19576 -18.19567 -18.19519
 -18.19351 -18.18970 -18.18214 -18.17223 -18.15669 -18.13741 -18.11198 -18.08170
 -18.04158 -17.99907 -17.94201 -17.88653 -17.81890 -17.73363 -17.57257 -17.34682
 -14.69158 -14.69167 -14.69295 -14.69400 -14.69396 -14.69354 -14.69339 -14.69372
 -14.69415 -14.69323 -14.68943 -14.68269 -14.67388 -14.66370 -14.64759 -14.63140
 -14.60566 -14.57805 -14.54197 -14.50517 -14.46319 -14.40262 -14.28776 -14.12640
 -12.30931 -12.30929 -12.30912 -12.30961 -12.31118 -12.31258 -12.31342 -12.31376
 -12.31390 -12.31385 -12.31312 -12.31057 -12.30438 -12.29761 -12.29039 -12.28057
 -12.26676 -12.25130 -12.23148 -12.21069 -12.18759 -12.15549 -12.08736 -11.99140
 -11.00194 -11.00201 -11.00322 -11.00456 -11.00554 -11.00650 -11.00777 -11.00841
 -11.00842 -11.00879 -11.00966 -11.00914 -11.00613 -11.00304 -10.99966 -10.99379
 -10.98664 -10.98003 -10.96795 -10.95690 -10.94609 -10.92625 -10.88858 -10.83559
 -10.15121 -10.15132 -10.15289 -10.15416 -10.15427 -10.15452 -10.15572 -10.15697
 -10.15807 -10.15918 -10.16014 -10.15920 -10.15715 -10.15675 -10.15491 -10.15169
 -10.14881 -10.14466 -10.13938 -10.13338 -10.12501 -10.11526 -10.09652 -10.06909
  -9.66642  -9.66645  -9.66698  -9.66768  -9.66838  -9.66905  -9.66983  -9.67046
  -9.67096  -9.67130  -9.67148  -9.67119  -9.67069  -9.66994  -9.66830  -9.66704
  -9.66486  -9.66267  -9.65949  -9.65474  -9.64965  -9.64102  -9.62814  -9.61333
  -9.39705  -9.39706  -9.39731  -9.39781  -9.39855  -9.39917  -9.39969  -9.40014
  -9.40066  -9.40095  -9.40101  -9.40099  -9.40098  -9.40001  -9.39861  -9.39843
  -9.39660  -9.39499  -9.39269  -9.38874  -9.38315  -9.37532  -9.36590  -9.35510
  -9.11977  -9.11979  -9.12016  -9.12057  -9.12084  -9.12104  -9.12132  -9.12160
  -9.12191  -9.12211  -9.12222  -9.12223  -9.12217  -9.12179  -9.12080  -9.11990
  -9.11901  -9.11768  -9.11575  -9.11336  -9.10866  -9.10261  -9.09535  -9.08837
  -8.96167  -8.96168  -8.96178  -8.96191  -8.96203  -8.96213  -8.96228  -8.96243
  -8.96260  -8.96271  -8.96278  -8.96285  -8.96265  -8.96221  -8.96188  -8.96139
  -8.96080  -8.96016  -8.95846  -8.95588  -8.95269  -8.94811  -8.94247  -8.93645
  -8.85886  -8.85886  -8.85896  -8.85911  -8.85929  -8.85941  -8.85948  -8.85952
  -8.85956  -8.85965  -8.85977  -8.85977  -8.85971  -8.85971  -8.85960  -8.85963
  -8.85903  -8.85833  -8.85748  -8.85495  -8.85243  -8.84833  -8.84493  -8.84040
  -8.80523  -8.80525  -8.80543  -8.80515  -8.80414  -8.80345  -8.80345  -8.80365
  -8.80371  -8.80369  -8.80367  -8.80369  -8.80370  -8.80362  -8.80365  -8.80384
  -8.80335  -8.80148  -8.80002  -8.79991  -8.79718  -8.79363  -8.79021  -8.78676
  -8.78368  -8.78369  -8.78377  -8.78366  -8.78326  -8.78299  -8.78300  -8.78308
  -8.78311  -8.78310  -8.78310  -8.78314  -8.78308  -8.78321  -8.78244  -8.78081
  -8.78116  -8.78093  -8.78030  -8.77949  -8.77742  -8.77618  -8.77182  -8.76693
  -8.78884  -8.78884  -8.78885  -8.78885  -8.78882  -8.78879  -8.78880  -8.78882
  -8.78883  -8.78882  -8.78881  -8.78884  -8.78878  -8.78895  -8.78803  -8.78617
  -8.78645  -8.78627  -8.78630  -8.78518  -8.78301  -8.78202  -8.77907  -8.77651
  -8.80224  -8.80224  -8.80224  -8.80225  -8.80229  -8.80231  -8.80232  -8.80232
  -8.80233  -8.80233  -8.80233  -8.80232  -8.80234  -8.80230  -8.80249  -8.80293
  -8.80275  -8.80303  -8.80161  -8.79941  -8.79875  -8.79610  -8.79613  -8.79220
  -8.82256  -8.82256  -8.82253  -8.82261  -8.82287  -8.82304  -8.82305  -8.82301
  -8.82301  -8.82303  -8.82305  -8.82300  -8.82311  -8.82278  -8.82442  -8.82789
  -8.82703  -8.82793  -8.82473  -8.82095  -8.82215  -8.81738  -8.82113  -8.81481
  -8.84428  -8.84427  -8.84421  -8.84436  -8.84482  -8.84513  -8.84514  -8.84506
  -8.84505  -8.84510  -8.84513  -8.84504  -8.84524  -8.84464  -8.84763  -8.85387
  -8.85238  -8.85383  -8.84901  -8.84376  -8.84664  -8.83988  -8.84706  -8.83857
  -8.86903  -8.86901  -8.86893  -8.86914  -8.86982  -8.87027  -8.87029  -8.87017
  -8.87016  -8.87022  -8.87026  -8.87014  -8.87043  -8.86955  -8.87394  -8.88309
  -8.88093  -8.88297  -8.87643  -8.86964  -8.87426  -8.86541  -8.87615  -8.86540
 -74.00000 -74.00000 -74.00000 -74.00000 -74.00000 -74.00000 -74.00000 -74.00000
 -74.00000 -74.00000 -74.00000 -74.00000 -74.00000 -74.00000 -74.00000 -74.00000
 -74.00000 -74.00000 -74.00000 -74.00000 -74.00000 -74.00000 -74.00000 -74.00000
 -74.00000 -74.00000 -74.00000 -74.00000 -74.00000 -74.00000 -74.00000 -74.00000
 -74.00000 -74.00000 -74.00000 -74.00000 -74.00000 -74.00000 -74.00000 -74.00000
 -74.00000 -74.00000 -74.00000 -74.00000 -74.00000 -74.00000 -74.00000 -74.00000
 -74.00000 -74.00000 -74.00000 -74.00000 -74.00000 -74.00000 -74.00000 -74.00000
 -74.00000 -74.00000 -74.00000 -74.00000 -74.00000 -74.00000 -74.00000 -74.00000
 -74.00000 -74.00000 -74.00000 -74.00000 -74.00000 -74.00000 -74.00000 -74.00000
 -71.80851 -71.80851 -71.80851 -71.80851 -71.80851 -71.80851 -71.80851 -71.80851
 -71.80851 -71.80850 -71.80850 -71.80849 -71.80848 -71.80846 -71.80845 -71.80843
 -71.80841 -71.80839 -71.80837 -71.80834 -71.80832 -71.80830 -71.80828 -71.80826
 -71.52614 -71.52614 -71.52614 -71.52614 -71.52614 -71.52614 -71.52615 -71.52615
 -71.52617 -71.52622 -71.52634 -71.52656 -71.52692 -71.52733 -71.52789 -71.52830
 -71.52881 -71.52943 -71.53016 -71.53076 -71.53144 -71.53205 -71.53265 -71.53316
 -51.86163 -51.86163 -51.86163 -51.86163 -51.86163 -51.86163 -51.86162 -51.86161
 -51.86157 -51.86148 -51.86125 -51.86084 -51.86017 -51.85941 -51.85837 -51.85760
 -51.85664 -51.85549 -51.85412 -51.85300 -51.85174 -51.85060 -51.84947 -51.84852
 -40.03964 -40.03964 -40.03964 -40.03964 -40.03964 -40.03963 -40.03957 -40.03944
 -40.03893 -40.03765 -40.03450 -40.02906 -40.01996 -40.00921 -39.99626 -39.98007
 -39.96256 -39.94764 -39.92983 -39.90955 -39.88397 -39.85672 -39.82003 -39.77963
 -31.59592 -31.59592 -31.59592 -31.59593 -31.59594 -31.59585 -31.59541 -31.59436
 -31.59055 -31.58158 -31.55886 -31.51798 -31.44869 -31.36671 -31.26359 -31.16197
 -31.04404 -30.92930 -30.79431 -30.66308 -30.50739 -30.35324 -30.16695 -29.97895
 -23.93666 -23.93666 -23.93666 -23.93667 -23.93668 -23.93661 -23.93629 -23.93558
 -23.93316 -23.92749 -23.91208 -23.88257 -23.82980 -23.76398 -23.68288 -23.60195
 -23.50343 -23.41039 -23.30149 -23.19614 -23.07379 -22.95357 -22.81308 -22.67560
 -18.41627 -18.41627 -18.41627 -18.41627 -18.41628 -18.41624 -18.41631 -18.41671
 -18.41708 -18.41638 -18.41369 -18.40904 -18.40032 -18.38747 -18.36724 -18.34244
 -18.30815 -18.27089 -18.22027 -18.16477 -18.09320 -18.01714 -17.92347 -17.82829
 -15.09443 -15.09443 -15.09443 -15.09446 -15.09451 -15.09421 -15.09362 -15.09339
 -15.09342 -15.09308 -15.09114 -15.08663 -15.07747 -15.06452 -15.04499 -15.02272
 -14.99336 -14.96050 -14.91728 -14.87044 -14.81032 -14.74690 -14.66969 -14.59154
 -13.14116 -13.14116 -13.14116 -13.14116 -13.14116 -13.14116 -13.14119 -13.14123
 -13.14124 -13.14108 -13.14008 -13.13748 -13.13192 -13.12374 -13.11044 -13.09485
 -13.07378 -13.05025 -13.01810 -12.98270 -12.93491 -12.88426 -12.82450 -12.76370
 -11.70357 -11.70357 -11.70357 -11.70358 -11.70360 -11.70350 -11.70343 -11.70374
 -11.70388 -11.70260 -11.70027 -11.69925 -11.69816 -11.69371 -11.68543 -11.67666
 -11.66647 -11.65181 -11.63069 -11.60920 -11.58054 -11.54763 -11.50447 -11.46196
 -10.85578 -10.85578 -10.85578 -10.85579 -10.85580 -10.85574 -10.85572 -10.85594
 -10.85604 -10.85514 -10.85333 -10.85198 -10.85045 -10.84760 -10.84458 -10.83996
 -10.83171 -10.82119 -10.80725 -10.79230 -10.77051 -10.74639 -10.71707 -10.68649
 -10.39042 -10.39042 -10.39042 -10.39042 -10.39042 -10.39043 -10.39043 -10.39041
 -10.39040 -10.39048 -10.39059 -10.39051 -10.38945 -10.38657 -10.38290 -10.37934
 -10.37270 -10.36551 -10.35561 -10.34341 -10.32728 -10.30852 -10.28357 -10.25863
  -9.91692  -9.91692  -9.91692  -9.91692  -9.91691  -9.91693  -9.91693  -9.91688
  -9.91684  -9.91697  -9.91698  -9.91628  -9.91501  -9.91426  -9.91232  -9.90912
  -9.90607  -9.90151  -9.89380  -9.88558  -9.87508  -9.86155  -9.84279  -9.82567
  -9.65884  -9.65884  -9.65884  -9.65884  -9.65883  -9.65885  -9.65885  -9.65881
  -9.65881  -9.65903  -9.65911  -9.65830  -9.65702  -9.65698  -9.65584  -9.65390
  -9.65087  -9.64719  -9.64197  -9.63680  -9.62794  -9.61724  -9.60442  -9.59039
  -9.49966  -9.49966  -9.49966  -9.49965  -9.49963  -9.49973  -9.49978  -9.49936
  -9.49853  -9.49804  -9.49808  -9.49853  -9.49867  -9.49737  -9.49706  -9.49560
  -9.49253  -9.49008  -9.48657  -9.48196  -9.47510  -9.46685  -9.45634  -9.44408
  -9.41072  -9.41072  -9.41072  -9.41072  -9.41072  -9.41073  -9.41074  -9.41069
  -9.41064  -9.41073  -9.41078  -9.41036  -9.40967  -9.40959  -9.40903  -9.40788
  -9.40623  -9.40333  -9.39993  -9.39634  -9.39062  -9.38396  -9.37461  -9.36409
  -9.36756  -9.36756  -9.36756  -9.36756  -9.36756  -9.36756  -9.36756  -9.36757
  -9.36756  -9.36747  -9.36744  -9.36776  -9.36797  -9.36708  -9.36609  -9.36518
  -9.36348  -9.36175  -9.35922  -9.35579  -9.35075  -9.34458  -9.33670  -9.32781
  -9.36052  -9.36052  -9.36052  -9.36052  -9.36052  -9.36052  -9.36052  -9.36052
  -9.36052  -9.36054  -9.36055  -9.36046  -9.36013  -9.35956  -9.35936  -9.35818
  -9.35694  -9.35554  -9.35324  -9.34990  -9.34565  -9.34062  -9.33259  -9.32436
  -9.37741  -9.37741  -9.37741  -9.37741  -9.37741  -9.37741  -9.37741  -9.37740
  -9.37739  -9.37744  -9.37746  -9.37727  -9.37702  -9.37714  -9.37649  -9.37533
  -9.37447  -9.37281  -9.37082  -9.36809  -9.36428  -9.35946  -9.35183  -9.34372
  -9.41919  -9.41919  -9.41919  -9.41919  -9.41919  -9.41919  -9.41919  -9.41919
  -9.41919  -9.41919  -9.41919  -9.41921  -9.41923  -9.41920  -9.41930  -9.41856
  -9.41743  -9.41571  -9.41322  -9.41124  -9.40770  -9.40272  -9.39578  -9.38792
  -9.46667  -9.46667  -9.46667  -9.46667  -9.46666  -9.46667  -9.46667  -9.46666
  -9.46665  -9.46669  -9.46671  -9.46655  -9.46620  -9.46589  -9.46704  -9.46697
  -9.46561  -9.46376  -9.46094  -9.45947  -9.45589  -9.45131  -9.44496  -9.43740
  -9.51948  -9.51948  -9.51948  -9.51948  -9.51947  -9.51948  -9.51948  -9.51946
  -9.51945  -9.51953  -9.51956  -9.51923  -9.51847  -9.51788  -9.52013  -9.52075
  -9.51916  -9.51717  -9.51401  -9.51308  -9.50944  -9.50530  -9.49956  -9.49232
C-------------------------------------------------------------------------------
C
C     RATE COEFFICIENTS IN UNITS OF CM**3 S-1 
C     --------------------------------------- 
C
C     INPUT DATA
C         FOR YEAR: 96 AND WITH PREFIX:   
C         FOR be RECOMBINING ION CHARGE(S)  1 TO  4
C
C     CODE     : ADAS404
C     PRODUCER : Martin O'Mullane              
C     DATE     : 23/02/06
C
C-------------------------------------------------------------------------------

C-----------------------------------------------------------------------
C                               OPEN-ADAS
C                               +++++++++
C
C This file has been downloaded from OPEN-ADAS (http://open.adas.ac.uk)
C on 23-Apr-2020.
C
C TERMS AND CONDITIONS
C --------------------
C
C The user of the OPEN-ADAS system and data (hereinafter "the User")
C accepts the following terms and conditions:
C
C   1. The University of Strathclyde uses all reasonable endeavours to
C      ensure the accuracy of the data provided and any information
C      given, but the University makes no warranty, expressed or implied
C      as to its accuracy, integrity, fitness for purpose and shall not
C      be responsible for the use to which the data is put by the User
C      and/or any consequences arising out of any inaccuracies or
C      omissions.
C
C   2. Any downloaded OPEN-ADAS file is made available for the
C      personal use of the User only.  It must not be used for any
C      commercial application, incorporated into any web site or in
C      any form re-distributed without express prior written permission
C      from the ADAS Project. In particular, but not by way of
C      limitation, it must not be:
C        *  inserted into a managed database structure,
C        *  redistributed along with a modelling or analysis code,
C        *  made available on a public website.
C
C Permission for OPEN-ADAS data incorporation in non-commercial
C code/system development for scientific advance will not be
C unreasonably withheld, but will be subject to written agreement
C on a case by case basis.
C
C The User will indemnify the University of Strathclyde and keep it
C fully and effectively indemnified against each and every claim made
C against the University as a result of the User's use of the data.
C
C-----------------------------------------------------------------------
